2510.6,4119.5,1770.1,-419.14,90.625,-58.12,-3598.3,-6661,-4458.5,613.49,2431.3,423.54,-793.36,184.31,126.58,-1647.9,-1228.3,2921.3,6567.2,5963.7,2902.3,602.14,-1274.7,-4056.7,-6096.9,-5356,-3337.9,-2471.1,-1665.6,1372.3,4946.1,5009.1,1482.5,-1346.7,-983.24,638.11,1386.2,1964.7,3111.7,3126.1,694.39,-2085.8,-2305.2,-635.93,-387.76,-2504.8,-4071.3,-2511.9,678.55,1958.5,584.86,-550.94,689.49,2324,1014,-2711.7,-4526.9,-2061.6,1848.8,3139.5,1728.5,549.42,825.58,1124.3,638.9,499.22,1340.7,1947.7,1217.7,-273.97,-1474,-2119.6,-2168,-1445.2,-510.8,-402.55,-918.4,-704,343.16,584.48,-538.62,-1151.9,173.43,1943.2,1946.2,583.24,0.68285,798.05,1549.9,1118.5,-267.67,-1913.9,-3145.2,-3165.5,-1759.1,84.429,1267.8,1867.4,2398.5,2598.3,2076.2,1297.7,660.6,-394.96,-1955.6,-2589.7,-1506.8,-340.91,-522.34,-438.31,1687,3437.3,954.96,-4228.5,-5863.6,-1638.9,3307.4,3719.5,1054.7,-138.95,664.51,537.49,-1226.2,-2279.1,-1504.3,-507.04,-578.92,-900.21,-257.47,1365.6,3158.1,4022.1,3026.7,768.94,-371.58,899.95,2401.8,1076.3,-2527.6,-4738.3,-3624.1,-1103.7,-40.747,-1237.2,-3491.1,-4797.2,-3424.4,403.85,3972.2,4905.5,4005,3273.2,2280.4,-345.88,-2741.2,-1460.1
2587.7,5584.9,3866.2,68.119,-1201.6,-708.7,-2179.9,-4853.7,-4645.1,-1792.8,-798.17,-2449.6,-2513.6,255.01,1531.6,-457.46,-747.41,4192.2,9645.7,9222.7,3875.7,-1127.3,-4411.4,-7571.1,-9194.8,-6755.3,-2648.3,-1331.5,-1479.3,1741.4,6904.8,6939.5,832.84,-3445.3,-811.14,3714.9,4102.3,2571.3,3666.6,5033.9,1857.5,-3416.3,-4251,-1065.1,-653.9,-4626.1,-6675.1,-3210.9,853.78,509.76,-1478.8,-93.075,3137.6,2713.4,-1819.2,-5065.6,-3490,677.59,3643.4,4389,3760.8,2208.6,127.93,-1282.1,-1029.6,553.37,2435.6,3823.1,3992.4,2259.1,-967.99,-3738.3,-4202.1,-2641.5,-1152.9,-1167.2,-1886.7,-1646.2,-419.91,23.078,-1209.4,-2392.6,-1339.9,1275.4,2551.6,1523.8,681.93,2152.2,4092.6,3016,-1099,-4434.3,-4252.1,-1962.7,-332.51,470.05,2191.8,4824.6,5896,3824.1,273.44,-1917.6,-2106.5,-1795.5,-1881.7,-1794.3,-1403.4,-1632.4,-2201.5,-968.23,2395.9,3918,-80.19,-6510.9,-7765.3,-1538.1,5477.3,6174.2,2010.8,-289.76,1335,2555.8,396.61,-2343.4,-2066.1,109.78,606.2,-1100.8,-2178.8,-754.27,1906.2,3499.5,3309.1,2384,1959.9,2019,1306,-1027.3,-3889.3,-5055.3,-3637.4,-1076.4,373.39,-508.49,-3226.2,-5599.9,-4900.9,-618.19,4081.7,5533.7,4012.9,2670.8,2352.9,969.51,-1416.3,-1246
1038.8,1263.4,145.36,1261.2,2923.9,-29.92,-6855.3,-9950.3,-5315.6,1690.3,4114.7,2210.3,715.27,1234.3,1891.5,2031.3,2590.8,3061.6,2202.4,1054.4,1503.2,2305.3,278.46,-4423.9,-7689.4,-6720.4,-3021.2,579.23,3137.9,4829.9,5369.5,4551.5,2830,568.33,-1903.1,-3309.3,-2495.1,-846.64,-1363.2,-4437.3,-6691.1,-5172.4,-883.37,2992.2,4619.8,4141.2,2570.2,1381.9,1661,2497.3,1801.5,-375.96,-1439.1,-325.2,584.73,-518.68,-1633.4,-394.67,1651.9,1564.3,-138.24,-912.59,-938.42,-2079.1,-3071,-829.41,3268.8,3720.2,-968.39,-5369.4,-4799.9,-1476.1,197.71,431.54,1819.7,3431.7,2388.6,-193.26,-206.2,2617.2,3835.9,1214.8,-1892.2,-1897.3,-31.284,467.64,-586.19,-1017.9,-291.72,125.78,-408.11,-1029.9,-1212.8,-1215.6,-824.41,468.98,1955.2,2116.9,832.23,-385.37,-683.17,-788.32,-1079.2,-553.14,1078.4,1890.3,263.09,-2089,-1974.4,557.99,1876.6,-127.63,-2944.7,-3063.1,-810.88,735.51,549.25,561.22,1947.6,3348.3,3522.2,3254.2,3251,2292.9,-585.19,-3608.3,-4168.5,-2355.7,-559.41,-132.73,-440.45,-827.58,-1422.7,-1941,-1626.6,-730.96,-449.88,-1065.3,-1523.6,-1026.7,283.14,2110.3,3907.7,4272,2449.6,292.1,321.4,1820.9,1720.5,-307.82,-1150.9,268.32,781.38,-1512.7,-3430.7,-1804.1
885.04,1433.9,368.23,1041.1,2224.3,-342.31,-5735.5,-7649.5,-3662.7,1121.6,1922.6,534.43,697.37,1884.8,1698.8,914.45,1720.4,3264.9,3158.2,1814.5,1356.2,1362.7,-389.03,-3524.9,-5101.5,-3990.4,-2015.7,-577.63,842.51,2426.5,3059.4,2344.3,1313.7,530.38,-478.46,-1465.5,-1300.2,-210.45,-146.24,-1974,-3918.6,-3706.3,-1125.8,2035.6,3597.7,2540.1,176.44,-579.04,1333.3,3098.6,1683.5,-1290.3,-1571.2,1034.7,2063,-561.06,-3107,-1890.8,1234,2322.5,1161.6,16.378,-881.6,-2381.6,-2756.9,214.09,4137.1,3787.8,-1388,-5805.6,-5101.6,-1296.7,1184.7,1390.1,1229.2,1441.1,1171.7,431.33,306.93,949.41,1263.7,676.23,-113.25,-267.69,219.5,797.02,987.91,681.37,114.42,-435.15,-968.49,-1554.1,-1913.7,-1666.6,-892.85,17.771,831.4,1233.9,657.4,-735.07,-1470.1,-458.5,1197.6,1597.9,787.63,282.45,297.79,-185.51,-748.12,153.68,1750.6,1087.9,-2148.4,-4181.3,-2520,257.37,744.96,-67.63,799.93,2933.8,3544.1,2463.7,1912.7,1913.7,246.22,-2871.6,-4224.5,-2588.6,-539.77,-54.459,159.65,1277,1645.4,-186.41,-2380.6,-2405.4,-877.69,-274.12,-1058.4,-1429.9,-246.19,1648.5,2664.9,1970.9,286.76,-382.87,1078.3,2849.1,2207.3,-177.42,-803,1004.2,1562.2,-1111.9,-3517.8,-2117.5
2387.6,4077,2100.6,-749.19,-1615.7,-1756.1,-3173.8,-4219.5,-2201.6,1463,2658.1,543.41,-1541.2,-1311.2,-195.72,157.41,775.61,2874.6,4915.5,4509.8,1796.9,-1244.9,-3725,-5829.2,-6720.2,-5035.2,-1474.2,1431,2547,3106.3,3875.6,3552.2,1251.1,-1252.9,-1591.5,19.602,1471.1,1815.1,1720.1,1409,317.57,-1133.7,-1555,-915.41,-908.86,-2122.5,-2725.6,-1329.5,539.36,687.99,-293.37,-135.51,1216.4,1393.9,-525.25,-2349.3,-1867.9,264.31,1893.1,2117.9,1423.9,320.62,-695.82,-740.36,440.72,1655.3,1751.5,1228.2,1003.8,454.69,-1385.3,-3218.6,-2555.4,336.06,2025.2,516.76,-1895.6,-1992,-131.8,762.83,-261.67,-1123.6,-154.64,1557.4,2028.7,1072.2,63.966,-139.65,7.1001,-234.25,-891.6,-1442,-1539.1,-1292.2,-859.36,-57.545,1262.1,2542.7,2833.9,2007,1009.4,494.82,-41.781,-1059.9,-1748.2,-1199.2,-188.88,-168.13,-710.23,56.565,2045,2354.9,-776.63,-4734.5,-5239.3,-1674.2,2248.3,3146.8,1528.5,136.83,228.91,707.4,316.34,-618.69,-945.44,-426.65,5.8518,-269.64,-541.92,199.1,1619.4,2371.3,2027.4,1554.7,1523.5,1097.5,-369.16,-1890.1,-2197.1,-1600.1,-1124.1,-711.02,-30.525,-211.84,-2338.9,-4544.2,-3522.2,519.49,3390.4,2665.2,953.42,1345.9,2457.3,1285,-1062.7,-740.51
1371,3334.6,2648.8,588.05,-665.34,-1511.4,-3057.9,-3868.8,-2040,769.66,1139.9,-774.63,-1513.9,-10.887,966.75,-6.0259,-368.98,1918.2,4605.7,4497.9,1941.3,-766.68,-3129.6,-5489.2,-6274.5,-3898.7,-296.91,1163.9,756.63,1595,3889.7,4186.4,1213.1,-1583.7,-1204.8,733.16,1430.8,1358.8,2135.6,2516.5,397.45,-2666.9,-3084.8,-916.37,77.612,-1559.2,-2824.9,-1380.4,738.57,729.05,-487.44,-248.25,1225.2,1333.9,-543.79,-2125.3,-1669.4,44.022,1511.6,2215.4,2016,730.69,-852.84,-1139.6,158.71,1409.6,1453.4,1155.7,1398.8,1102.1,-856.76,-2882,-2330.2,307.83,1506.7,-357.85,-2553.5,-1929.7,548.98,1358.5,-460.24,-2163.4,-1379,839.87,1970.5,1499.5,993.39,1380.7,1709.8,818.18,-888.28,-2045.7,-2193.1,-2101.3,-2186.5,-1543.5,645.92,3259.6,4044.4,2471.5,541.3,67.804,372.17,-128.05,-1127.1,-1108,-233.4,-180.74,-916.17,-290.14,2004.4,2659.3,-760.35,-5364.4,-5982.8,-1974.1,2071.8,2588.5,993.65,389.89,1043,1155.3,347.75,-63.779,386.02,618.03,-80.331,-970.32,-1012.6,-117.87,1026.6,1741,1823.3,1635.4,1640.2,1592.6,646.43,-1288.5,-2899.7,-2901.5,-1622.8,-452.35,-243.58,-1002.4,-2379.4,-3416.4,-2629,195.27,2895.6,3273.6,2013.2,1389.9,1591.5,843.05,-817.72,-913.58
1286.9,2977,1931.4,657.23,358.45,-950.67,-3942.9,-5542.3,-3427.5,87.465,1520.7,1131.9,1203.7,1455.6,40.222,-1942.7,-1106.4,2847.2,6094.4,5848.2,3293.1,326.27,-3211.9,-7113,-8716.6,-6195.8,-1932.5,462.7,1122,2698.5,5061.1,4984,1516.5,-1848.8,-1840.1,452.04,1978.9,2106.1,2203.1,2348.7,1268.5,-840.09,-2057,-1712.1,-1413.3,-2255.3,-2900.3,-1807.4,68.155,615.79,-174.79,-333.55,750.56,1150.1,-600.93,-2885.3,-2827.9,-24.609,2996.1,3858.8,2632.1,915.7,-159.21,-463.55,-220.24,393.1,1200.5,1941.2,2115.3,1075.2,-1093,-2865,-2567.1,-732.24,85.288,-1300.7,-2788,-1909.7,367.23,914.69,-814.23,-1823.9,-23.108,2680.8,3264,1817.7,802.51,1061.7,963.41,-528.54,-2139.8,-2361.1,-1563.9,-928.13,-417.2,796.93,2419.1,2965.7,1776,55.728,-617.81,-233.29,-95.835,-850.73,-1578.2,-1218.7,-227.16,107.03,-225.44,165.68,1552.6,1840.3,-646.06,-3910.2,-4016.1,-374.61,2907.6,2264.2,-548.6,-1090.3,1376.6,3031.7,1311.7,-1365.9,-1454.2,331.91,343.98,-2068.8,-3239.5,-618.56,3245.7,4186.5,2082.1,409.48,905.8,1582.2,422.79,-1636,-2676,-2590.6,-2186.9,-1264.7,243.13,609,-1507.7,-3947,-3132.3,722.53,3568.2,3275.3,2180.1,2484.3,2497.2,150.81,-2478.5,-1863.8
4084.8,5568.5,1890.1,-1330.3,-1595.6,-2710.3,-6220.6,-7372,-3318.5,1179.1,1221,-441.91,1052.1,3712.8,2308,-1718.4,-1591.2,4028,8729.6,7744.5,3328.1,-891.75,-4843.9,-8475.5,-8838.3,-4829,-658.73,-115.89,-676.03,1880.5,5689.6,5279.9,509.99,-2850.9,-1678.4,871.69,1573.3,1747.6,3050.7,3199.5,-62.84,-3797.3,-3405.3,95.049,1135.3,-2010.2,-4485.5,-2105.6,2462.4,3699.9,1000.9,-1200.7,-276.76,1291.3,293.34,-2405.2,-3371.1,-1331.1,1682.8,3236.5,2717.4,905.55,-939.58,-1416.7,51.837,2146.9,2789.3,1698.1,491.44,-68.861,-1118.6,-3091.8,-4090.5,-2622.1,-379.98,45.158,-840.43,-482.78,1166.2,1366.7,-621.55,-1712,409.69,3506.1,3986.4,2022.5,699.83,1126.7,1366.9,92.643,-1549.9,-2365.4,-2941.7,-3797.3,-3628.7,-1196.8,2131.6,3581.5,2372.5,410.2,-411.83,-221.64,-126.37,-365.92,-367.99,8.8918,319.71,534.84,1244.4,2422.4,2661,547,-3160.6,-5548.3,-4353.4,-511.58,2684.5,3021.5,1453.2,463.57,845.73,996.16,-403.61,-2076.6,-1766.6,217.04,921.85,-1024,-2915.4,-1523.3,2069.5,3779.6,2326.7,732.85,1371.3,2560.7,1779.4,-403.25,-1985.1,-2905.4,-3891.7,-3809,-1608.3,481.29,-295.03,-2120.3,-829.62,2920.2,3960.5,1063.2,-659.28,1669.9,3501.2,610.22,-3025.1,-1216.7
4.3114,3027.1,1215.2,-2132.8,-1761.9,793.36,512.74,-2039.1,-2055.3,537.57,912.39,-1738.6,-2529.2,342.12,2264.8,562.7,-420.57,3105.6,7205.6,5948.3,325.92,-4101.5,-5569.6,-6383.9,-6734.5,-4280.5,357.15,3099.2,2349.4,1224.5,2502.6,4644.7,4480.1,1632.2,-1262.4,-1687.9,124.99,1355.2,-203.63,-2927.8,-3134.5,-672.47,424.57,-1261.8,-1308.9,2978,6051,1686.4,-5828.1,-6446.7,389.53,4514,712.42,-3879.2,-2298.9,1309.4,245.22,-2577.7,-104.08,5810.9,6745.2,1305.7,-3077.4,-2150,85.472,-67.415,-369.37,1268.4,1925,-781.63,-3531.4,-2357.7,955.03,1991.8,297.57,-1339.3,-1807.5,-1806.8,-981.3,1085.9,2485,1446.6,-53.865,899.98,2840.7,1847.8,-1625.1,-2831,-471.24,663.98,-2746.5,-6586.4,-4828.1,1547.5,5747.7,4568.2,2032.4,2518,4209.9,2476,-2462.3,-5334.5,-3295.2,286.84,1223.4,403.61,1097.7,2651.2,1443.1,-2375.2,-4157.7,-2104.3,-473.6,-2526.7,-4546.7,-1514.9,4179.8,5511.2,1353.7,-1771.6,493.07,4210.3,3514.6,-1006.6,-3967.3,-2740.4,365.33,2356.7,2598.7,1684.2,9.3396,-1768.9,-2514.5,-1713.9,-84.346,1249.3,1664.9,1046.4,-476.54,-2350.1,-3367,-2301.7,521.44,2571.7,1423.1,-1774.3,-2878.1,-131.72,3000.6,2706.9,560.2,678.15,2531.4,1705,-2046,-3377.9
6385.4,4136.6,-1617.7,-2646.2,1196.6,1529,-4724.8,-9621.6,-6128.2,1398.6,4305.9,1891.3,-126.49,206.19,-86.663,-1349.8,-151.87,3610,5208.3,2730.3,334.06,945.82,1137,-2539.9,-6755.3,-6368.9,-2807,-1130.5,-818.29,3098.3,9678.1,10803,3158.3,-5274.1,-5516,621.41,4625.9,3257.8,-73.084,-3209.2,-6879.3,-9143.3,-6247.7,-414.29,969.15,-3027.6,-3621.7,4235.5,12093,9338,-566.64,-4638.2,750.48,5637.4,2346.9,-3896,-4476.7,-15.985,2663.9,1294.5,-738.96,-1407.2,-1838.3,-2046.3,-401.29,2331.4,2923.5,513.18,-2053.3,-2596.8,-2178,-2258.9,-2220.5,-1207.5,-77.102,270.19,781.8,2587,4429,3635.6,-289.06,-4198.6,-4199.9,-103.08,3754.4,3343.9,311.74,151.95,4220.1,6800.4,2877.8,-4057.5,-6453.6,-3284.5,-682.43,-2124.5,-4054.7,-2963.8,-980.11,-1016.4,-1271.2,922.45,3485,2881.9,419.95,61.803,1752.5,2267.3,1581.3,2635.7,4803.1,3479.3,-2351,-7266,-6524.8,-2085.3,1000.7,975.71,-344.48,-1003.5,-183.6,1859.2,3233.9,1863.2,-1088.1,-1879.9,198.45,1266.9,-852.66,-2571.2,-300.63,3143.5,2684.4,-806.5,-1871.4,938.15,3256.7,1902.4,-1242.7,-3303.7,-4004.3,-3806.6,-2301,-89.517,970.76,839.44,1505.3,3013.9,2872.1,758.22,-280.06,704.63,461,-2139,-2560.4,2047.4
2040.8,6008.1,3632.1,-757.76,-1131.7,17.64,-2979.6,-7815.4,-7180.5,-988.01,3136.5,1661.2,-727.34,-233.15,567.48,-703.25,-1015.2,2408.4,6422,6553.3,3397.2,187.91,-2538.8,-5442,-6592.5,-4103.5,-535.6,141.93,-1257.7,-575.2,2746.9,4684.4,2824.6,-368.8,-1306.7,629.83,3406.9,4441.7,2164.5,-2345.6,-5361.4,-4304,-1128.3,419.37,51.187,307.8,1431.5,988.2,-1127.4,-1697.9,441.28,2065.8,710.12,-1405,-1274.6,67.934,-173.57,-1664,-1729.6,192.63,2004.6,2255.8,1471.8,570.4,105.3,705.91,2330.4,3370.7,2195.1,-690.31,-3331.6,-4531.8,-4119.5,-2138.5,499.19,1674,449.4,-1134.6,-839.05,295.29,-35.225,-896.96,720.28,4274.8,5250.1,1714.8,-2242.6,-2036.2,1041.8,1933.9,-1116.8,-4657.7,-4979.9,-2416.9,75.721,958.87,1326.9,2485.6,3669.6,3097.9,846.8,-850.04,-712.33,-234.4,-1040.7,-1925.5,-751.16,1715.4,2648.2,1412.2,-85.884,-1251,-3376,-5633.7,-4559.1,387.36,4422.4,3670.8,793.92,664.14,2777.8,2515.6,-1165.9,-4108.5,-3348.4,-897.54,145.95,-142.13,21.008,922.6,1671.8,2125.6,2659.2,2927.9,2284.6,935.07,-279.33,-966.21,-1475.7,-2242.9,-3019.6,-2897.8,-1638.4,-818.98,-2116,-4044,-2858.5,1764.2,4873.6,3004.5,-115.16,873.38,4051.4,3132.6,-1597.6,-2800.9
2579.8,4372.3,2810.3,758.51,-29.129,-1749.5,-5445.3,-7510,-4859.7,-303.38,1489.6,998.99,1951.7,3890.2,2515.3,-2130.6,-3776.4,1223.8,7832,8707.4,3290.5,-3221.4,-7153.2,-8302,-6766,-2873.4,517.33,607.99,-442.63,1901.4,6557,6902.2,830.98,-4685.1,-2781.8,3846.7,7290.7,5001,826.59,-2271,-4643.5,-5865.7,-4236.5,-1139.4,-539.84,-2551.8,-2448.8,1671.1,5039.3,3334.1,-563.76,-1256,930,1436.9,-732.64,-2099.3,-1025.4,180.51,29.582,86.697,1119,1151.3,-617.45,-1499.7,572.59,3462.5,4070,2771.2,1651.3,370.63,-2586.8,-5711.9,-5507.1,-1840.4,1273.6,1157.2,-290.33,-264.17,715.22,461.82,-858.12,-1140.3,-58.747,412.57,-432.97,-397.84,2241.1,5322.5,4942.9,686.43,-3426.3,-3899.9,-1862.6,-719.63,-1120.5,-720.98,1352.7,2698.2,1395.2,-813.23,-1077.9,429.66,1273,605.1,-288.2,-795.47,-1540.6,-2014.3,-579.58,2204,2993.6,140.91,-3372.4,-3623.9,-849.16,1431.5,1329.6,189.8,-234.05,208.72,987.87,1777.7,2025.6,1272.8,211.02,-104.93,-260.85,-1852,-4394.2,-4899.7,-1662.7,3128.5,5871.2,5413.3,3219.2,920.99,-758.92,-1557.7,-1754.7,-2203.9,-3049.3,-3133.2,-1924.4,-916.85,-1309.2,-1460.7,725.25,3601.5,3349.4,3.2888,-1826.1,295.86,2793.5,1691.5,-1054.7,-738.34
-574.29,1921.8,529.06,-1828.9,-1315.1,262.44,-709.5,-2626,-1391.5,1942.9,2601.5,237.28,-770.33,720.82,913.2,-1378.8,-1922.7,1553.1,4940.1,4275.9,1728.5,893.05,466.24,-2424.1,-5949.9,-6106.3,-3358.3,-1416.1,-781.89,1104.4,3932.2,4214.8,1341.7,-1041.2,-776.24,148.85,84.974,524.14,2332.2,3109.3,1114,-1295.1,-1240.4,73.794,-384.91,-2358.2,-2866.2,-1067.5,678.31,598.87,-309.42,-416.76,213.83,429.24,-288.26,-1332.7,-1600,-428.44,1630.9,3102.5,3046.7,1902.3,589.04,-507.54,-1152.9,-844.61,302.27,1037.6,388.91,-986.72,-1768.6,-1646.1,-1162.4,-687.37,-511.87,-1023.4,-1662.2,-829.04,1657.9,3186.8,1499.7,-1622,-2267,337.43,3043.8,3389.8,2297.6,1466.6,687.74,-792.63,-2268.6,-2694.1,-2424.5,-2205.2,-1532,303.64,2294.3,2536.5,746.42,-1327,-1958.1,-1010.7,447.25,1330.8,1318,852.64,389.66,-206.71,-1000,-1110.7,211.85,1707.9,1135.1,-1251.8,-2288.1,-273.3,2173.7,1660.5,-1031.8,-2123.8,-278.18,1866.1,1769.7,136.56,-900.83,-866.71,-888.46,-1522.3,-1869.2,-775.68,1572.4,3417.1,3075.3,934.59,-877.07,-1198.1,-1144.3,-1884.8,-2422.1,-1183.8,1147.3,2334.1,1589,37.801,-1282.8,-1939.3,-1233.4,865.6,2418.6,1720.2,334.71,896.17,2309.6,1062.1,-2442.3,-3515.3
1484.9,3009.3,108.48,-2509.2,-1645.5,-678.91,-2733.4,-4437.4,-1689.5,2711.7,3288.7,717.43,-80.115,1240.3,575.51,-2158.9,-1982.3,2456,5841.4,4429,1445.7,842.52,853.17,-1767.2,-5204.7,-5443.9,-2967.6,-1442.4,-1378.1,-148.3,2402.6,3268.5,1442.7,-499.19,-728.15,-337.61,-216.5,681.19,2451.9,2861.1,877.54,-1062.1,-673.83,419.7,-710.59,-3337.1,-3753.3,-686.96,2674.6,2852.7,402.93,-1246.6,-366.23,1187.4,829.35,-1205.7,-2286.6,-1012.3,1071.1,1881.9,1463,1016.2,583.98,-402.96,-1083.8,-71.914,1747.1,1810.5,-322.85,-2184.5,-2148.9,-1509.4,-1652.5,-1674.3,-577.66,470.39,342.61,391.24,1949.6,3083.8,1187.2,-2151,-2592.2,633.87,3475.1,2927,813.62,171.92,754.87,381.45,-1274.2,-2700.6,-3132.2,-2846.9,-1675.4,583.48,2574.8,2326.1,38.302,-1718.6,-1141.3,706.85,1558.6,749.83,-450.27,-783.45,-360.18,8.5577,162.85,637.79,1411.3,1413.8,-23.875,-1710.4,-1695.4,105.75,1555.5,1060,-363.74,-650.92,468.18,1324.1,698.16,-743.72,-1563.5,-1324.6,-841.42,-909.8,-1175.2,-566.31,1086.1,2407.2,2081.1,678.05,-139.64,-30.384,-228.09,-1250.4,-1902.9,-1182.8,222.03,1094.8,1065.8,187.94,-1300.1,-2049.3,-445.08,2459.2,3197.3,834.44,-969.97,531.89,2390.5,602.19,-2768.3,-2387.5
-1881.8,438.42,2593.1,3017.9,1907.5,-21.627,-2032.2,-3070.4,-2533.3,-1249.8,-627.95,-978.26,-1417.4,-1026.9,515.76,2742.3,4169.6,3332.9,989.75,-11.33,1511.2,2789.3,612.35,-3913.8,-6630.7,-5806.6,-3530.4,-1612.7,702.46,3858.1,5761.1,4573.7,1823.2,398.31,563.2,224,-1382.6,-2521.7,-1741.8,-75.205,376.76,-804.74,-1863.4,-1041.5,1184.7,2450.6,1274.7,-1044.7,-2056.9,-1229.1,-91.562,427.21,889.32,1225.3,96.006,-2287.1,-2930.4,82.771,4073.3,4812.7,2157.9,-278.56,-657.5,-808.64,-2101,-2767.3,-1079.6,1291.9,1437.5,-623.38,-2109,-1220.3,978.36,2187.4,1195.6,-1158.7,-2529.3,-1111.2,2031.6,3461.6,1249.6,-2408.3,-3742,-1887.8,743.13,2079.5,2393,2519.2,2080.8,548.62,-1216.8,-1847.2,-1389.4,-1167.2,-1726.1,-1886.5,-396.53,1934.5,2678.4,747.89,-1816.8,-2056.4,175.88,2098.8,1853.8,721.38,490.1,458.17,-866.83,-2362.8,-1503.3,1180.3,1969.6,-663.85,-3270.1,-2032.3,1729,3276,880.07,-2143.9,-2118.3,508.23,2474.3,2062.7,520.66,-439.47,-866.44,-1564,-1961.5,-607.47,2115.7,3454.5,1643.8,-1347.4,-2193.9,-729.23,107.32,-1126.3,-2295.8,-1146.5,1397.8,2934.2,2746.6,1457,-800.15,-3520.1,-4444,-1890.5,2037.7,3412.4,1663.2,31.658,479.13,1099.5,-194.16,-2072.7
992.92,2992.2,2303.9,855.68,416.07,-585.11,-3301.9,-5142.7,-3567.2,-524.88,361.01,-920.72,-1589.6,-596.49,883.45,2232.7,3541.2,3927.1,2693.7,1370.8,1686.9,2258.8,370.93,-3456.5,-5868.2,-5425.3,-3756.9,-1960,670.74,3679,4639.2,2762,560.77,271.11,858.37,296.48,-1097.4,-1523.7,-616.41,268.21,50.572,-946.74,-1483.1,-571.26,1237.6,1893.6,319.01,-1606.9,-1377.8,281.97,547.12,-649.71,-421.13,1627.9,1849.5,-1373.9,-3877.9,-1544.2,3097,4367.4,1640.7,-597.89,-63.64,718.29,-415.99,-1801.7,-1252.3,343.17,728.39,-407.06,-1506.2,-1328.7,-26.278,1066.5,440.34,-1653.3,-2536.7,-182.82,3265.8,3490.2,-183.52,-3575,-3119,-21.507,2339.9,2821.3,2539.1,2291.7,1910.8,1160.8,-129.92,-1980.2,-3495.9,-3442.6,-2200.9,-1479.9,-1461,-447.85,1686.8,2447.2,790.5,-582.65,548.26,2093.2,1187.3,-788.29,-560.15,1396.4,1894,682.13,377.41,978.07,-531.39,-4150.4,-5314.1,-1616.8,2910.4,3213,-24.162,-2192.3,-1270.8,705.96,1543.4,1236.4,625.45,-18.388,-706.6,-1200.9,-982.87,455.39,2677.5,3714.7,1906.3,-1358.1,-2657.2,-1037,638.18,-55.156,-1778.7,-2007,-725.49,481,1050.5,930.83,-591.79,-3003.3,-3408.4,-269.63,3344.9,3561.8,1302.1,352.95,1095.6,625.63,-1326.6,-1528.5
387.37,407.25,-593.46,810.34,2549.4,-380.99,-6455.2,-8221.5,-3013.9,3517.8,5711.1,3858.9,765.61,-1895.4,-2331.7,789.35,4901.6,5711.2,3813.8,3538.2,4456.4,1183.5,-6453,-11048,-9034.7,-6293.2,-7075.8,-5531.1,3855.9,14184,14457,5913.9,-271.32,324.78,1283.4,-2015.2,-5602.2,-5173.1,-2890.4,-2298.3,-2573.8,-1458,626.73,2242,3033.4,2452.5,157.19,-1462.6,327.45,3157.4,2035.6,-2002.3,-2535.2,1271.1,2320.5,-2259,-5045.6,-357.89,5433,3813.3,-1881.1,-2304,2198.1,2828.9,-2139.9,-4510.4,-361.16,3353.1,490.04,-4524.2,-4271.7,508.1,3444.7,2173.2,-284.29,-1288.7,-777,804.26,2631,2619.5,-120.42,-2847.7,-2279,706.46,2366.7,1403.9,12.689,-90.599,219.95,-255.82,-1072.5,-1328.2,-1226.9,-1447.4,-1758.4,-1089.2,1040.5,3412,3848.4,1626.2,-1190.6,-1873.4,-307.8,1197.2,1214.7,453.31,-381.77,-1596.6,-2683.1,-2054.7,66.731,933.65,-770.49,-2505.6,-1555.4,860.57,1653.5,472.37,-362.89,561.96,2617.4,4609.7,5293.1,3515.8,-84.272,-2785.2,-3171.7,-3086.3,-3971.2,-3680.2,-265.48,3369.6,3013,-207.52,-1604.8,-472.64,-515.98,-2832.5,-4029.6,-2277.2,30.306,1142.6,2458.5,4335.2,4361.2,2125.1,896.46,1904.7,1792.7,-1126.6,-3073.5,-1185.2,1117.3,-91.014,-2461.9,-1831.8
2946.7,5475.1,2258.9,-1671.4,-857.82,969.19,-2045.1,-6599.5,-5110.9,1204.9,3474.6,-1257.1,-6143.5,-5308.5,-1032.2,2171.3,4333.4,7314.3,9786.8,8863.7,4354.7,-1450.5,-6604,-10098,-11171,-9773,-6759.3,-2673.7,2472,7574.9,10122,8531.1,3986.2,-532.68,-2422.5,-1061.8,1564.2,2372.7,694.04,-624.23,644.4,2339.1,1103.8,-1971.6,-2834.4,-1116.7,-766.67,-3416.9,-5651.2,-4441.3,-1212.4,1379.6,2754,2404.6,-1037.6,-5719.7,-5841.8,768.02,7804.4,7998.6,2819.1,-500.63,460.43,1613.4,431.82,-531.74,792.91,2281.6,1599.8,-123.92,-900.38,-1011.8,-1331.7,-1139.9,78.621,684.78,-922.81,-3453.4,-4141.4,-2390.3,-411.75,-375.28,-1888.1,-2540.7,-835.29,1757.3,2572.8,1574.5,1390.4,2675.4,2365.1,-1021.6,-3443.6,-834.76,3899.5,4822.6,2377.9,2258.2,5051.8,4626.1,-1246,-6197.3,-5023.2,-1429.8,-1015.3,-2464.9,-1835,-498.88,-1677.2,-3072.8,-910.72,1568.1,-1542.6,-7312.5,-6266.9,2921.5,10079,7788.6,1160.8,-927.32,2082.4,4387,3218.7,672.1,-1251.2,-2567,-3398.4,-3421.9,-2534.4,-511.87,2441,4108.5,2174.4,-1356.9,-1601.8,1714.8,2831.8,-1358.8,-6011.3,-5451.3,-1105.5,2104.1,2974.3,2530.6,-374.08,-5623,-7621.2,-1977.5,5983.2,7240.8,2118,-1015.3,686.6,1622.6,-689.58,-1071.2
69.871,1319.9,919.68,1208.4,2529.8,1376.5,-3467.6,-6974.1,-4430.8,1055.6,2741.5,-30.623,-1935.2,-626.53,572.63,-240.03,223.74,4401.8,8709.4,8132.7,3098.1,-1841.1,-4320.1,-5704.7,-7232.4,-7831.7,-6102,-2392.2,1653.5,4529.6,5579,5002.9,3473.5,1682.8,294.93,-153.61,19.689,-397.86,-1737.1,-2356.7,-946.92,889.47,685.19,-871.64,-987.29,380.75,437.07,-1205.2,-1455,657.36,1846.5,427.89,-395.33,1352.8,1771.2,-2310.2,-6154,-3287.4,3727.6,6264.8,2402.3,-1208.6,-719.31,-38.606,-1983,-2545.4,1338.1,4950.4,2807.7,-2281,-3683.4,-1146.7,133.4,-1399.2,-2207.1,-615.12,1025.2,1459.9,2197,3146.5,1850.7,-1410.8,-2611.1,-229.46,1856.4,445.88,-1880.2,-1142.1,1539.1,1762.7,-1506.7,-4793.7,-4942.4,-2091.5,1839.3,4975.2,5746,3637.4,229.46,-1993.9,-2183.8,-1410.7,-608.68,306.76,1188.4,1088.3,-334.74,-1797.5,-1652.9,95.141,1607.8,1161.1,-879.34,-2314.1,-1536.4,603.76,1871.7,1304.5,-5.3845,-626.27,-254.55,571.47,1111.7,638.07,-837.31,-1947.7,-1438.1,-243.64,-284.45,-1068.8,-35.142,2921.3,4261.5,2006.2,-758.18,-468.7,1225.7,189.55,-3204.1,-4222.9,-936.97,2842.7,2862.9,-503.71,-3827.6,-4704.5,-2905.2,418.98,3267.2,4035.6,3150.8,2180,1263.6,-531.38,-2373.2,-2089.1
-177.48,1645.9,1361.1,869.9,958.78,-335.4,-3192.4,-3970.4,-717.75,2693.9,1780.5,-1777.7,-2918.7,-965.2,335.98,-170.74,649.85,4076.2,6628.4,5358.4,1989.3,-741.34,-3267.4,-6569.4,-8454,-6427.2,-2334.8,-24.296,459.47,2158.3,5180.2,5913.8,2962,-329.04,-926.78,-101.05,-105.01,-56.265,1765.7,3812.3,3109.1,124.32,-1736.3,-1250.7,-718.13,-1793.3,-3068.2,-2912.1,-2060.9,-1713.4,-1174.8,480.21,1866.6,845.45,-1952.4,-3407.4,-1787.8,1446.8,3960.8,4912.4,4407.2,2300.6,-1037.7,-3664.2,-3388.3,-283.82,3073.1,4136.4,2627,153.87,-1704,-2451.1,-2252,-1347.6,-232.86,188.66,-533.61,-1429.4,-950.25,806.06,1684,222.88,-1983.7,-2173.3,-267.96,1091.5,581.61,-9.0218,822.13,1360.7,-544.58,-3265.5,-3033,545.02,3721.1,3930.4,2864,2841,2899.3,931.09,-2183.8,-3497.1,-2216,-362.37,437.36,338.58,-392.2,-1784.9,-2600.1,-1118.6,1585.9,1853.3,-1452.7,-4429.4,-3052.5,1136.7,3087.6,1098.3,-1373.4,-854.03,1900.6,3743.7,3190.3,1267.1,-452.74,-1228,-1057.6,-310.94,469.78,845.57,684.99,206.56,-35.133,401.61,958.87,220.76,-2170,-4269.4,-3764.5,-880.69,1982.1,3205,2855.5,976.54,-2512.2,-5699.4,-5270.3,-799.97,3783.3,4929.4,3629.8,2675.4,1969.7,-196.5,-2752.1,-2726.9
2842.9,-418.14,-2877.3,-1278.6,1515.7,999.75,-1991.2,-2804.7,-116.92,2614.6,2560.6,640.35,-1103.7,-1934.2,-1502.6,493.92,2682.5,2692.6,682.01,-302.96,1086.9,2078.8,-67.585,-3759.2,-5542.6,-5032,-4108.2,-2420.7,2091.8,7882.2,9459.1,4663,-1199.8,-2003.1,819.89,1044.6,-2369.9,-3802.1,-609.33,1777.3,-1551.7,-6108,-4225.6,2302.5,3851.9,-2117.4,-6101.3,-605.98,7886.1,8028.9,282.33,-4236.5,-426.43,4281.9,2302.5,-3051,-3865.1,341.37,3189.5,1502.9,-1373,-1990.8,-1231.2,-1061.6,-900.53,514.24,2078,1577.8,-999.82,-3272.1,-3321.6,-1532.4,457.29,1704.7,2383,2670.4,2089,446.36,-1171.3,-1422.4,-591.23,-182.74,-523.89,-333.22,811.05,1408.7,582.54,-68.474,1103.2,2883.6,2724.3,247.97,-2711.4,-4694.7,-5244,-3902,-980.13,1392.2,1537.6,940.53,1929.8,3392.5,2363.5,-397.54,-805.68,1744.8,2651.3,-638.93,-3960.5,-2456.8,2029.3,3668.6,681.56,-3307.4,-4692.2,-3068.3,110.78,2745.5,2672.5,78.97,-1494,455.23,3237.6,2755.5,17.596,-720.71,554.84,-321.99,-3719.4,-4486.1,-406.04,3388.2,2103.4,-1412.3,-1642.3,1038.3,2030.4,306.9,-923.65,-255.38,337.16,-164.23,-429.98,-120.81,-602.69,-1624.8,-936.86,1767.3,3727.7,3019.6,768.84,-1354.8,-2900.7,-3065.6,-731.69,2521.1
-1584.2,832.15,2626,2232.2,1564.8,1714.1,1048.9,-1091.5,-2450,-1434.8,92.813,-377.74,-2292.8,-3038.6,-1564.2,601.56,1582.6,1353.8,1455.5,2617.4,3142.9,801.58,-3549.2,-6136.6,-5085.2,-2919.7,-2494.2,-2677.6,-780.94,2669.6,4933.4,5370.4,5142.9,3899.6,874.5,-1697.8,-928.83,1505.7,1518.5,-386.94,-146.69,1757.4,486.16,-3326.5,-2384.6,4528.2,7159.8,-1629.2,-12816,-12393,-1396.8,5933.4,2617.3,-3412.8,-3574.2,-150.99,872.29,92.899,1406.7,3976.6,4175.1,2378.7,1804.2,2353.6,1080.8,-1913.3,-2940.7,-500.03,2323.4,2372.5,570.27,94.153,1925.8,3564.5,1931.5,-2848.7,-6860.5,-6266.6,-1749.8,2090.1,2005.1,-748.66,-2951.3,-3165.5,-1910.9,-13.013,1598.1,1752.3,250.11,-1589,-2433.4,-1968.6,-180.13,2547,4383.8,3767,2631.6,4402,7695.2,6614.9,-191.27,-5779.1,-4397.7,-66.402,20.788,-3387.9,-4298.7,-2361.3,-2428,-4385,-2933.3,1538.4,1739.6,-3601.4,-5220.7,2406.3,10571,8189.9,-1805.4,-7134,-3657.4,1312,1954.2,798.95,1317.2,1800.1,47.319,-1615.1,-51.549,3425.9,4940.4,3173.9,231.1,-1268.8,-548.51,802.74,225.64,-2671.8,-4870.4,-3742.8,-1062.4,-324.97,-1206.7,-763.55,512.59,-888.98,-4389.4,-4441.1,912.17,5953.7,5324.5,1541.1,123.13,1091.6,629.16,-1426.4
2916.9,1160.2,-1244.5,-940.58,1176.2,1318.3,-1338.5,-3426.8,-2373.4,296.05,1669.6,1095.3,-283.63,-1704.4,-2684,-2041.4,936.96,4728.8,6579.2,5325.5,2197.7,-1037.5,-3615.6,-5437.9,-6354.6,-6213.1,-4907,-2140.3,1986,5803,6674.9,3915.9,367.84,-477.55,1262.7,2220.9,655.44,-1189.2,-853.94,387.21,-101.16,-1480.7,-653.6,1844.6,1492,-3010.7,-6268.8,-3395.5,2334.2,3771.2,301.55,-1631.6,1185.8,3739.2,857.01,-4405.1,-5042.5,-202,4071.9,3565,604.07,-872.55,-808.03,-1227.3,-1756.7,-233.53,3084.2,4849.9,2753.8,-1458.1,-4049.3,-3398.3,-1055.2,750.52,1385.9,1398.9,1024.2,159.11,-673.35,-612.12,178.27,527.28,-46.925,-717.12,-836.24,-856.18,-1077.3,-777.21,300.98,794.22,-441.72,-2232.9,-2492.3,-1037.7,723.46,2229.8,3763.1,4500.9,3143.3,608.24,-523.42,180.97,365.81,-1068,-2104.6,-1330.2,-668.54,-1967.2,-3207.4,-1357.6,2350.2,3462.8,399.18,-3474.9,-4216.3,-1446.7,2250.8,4105,2972.8,100.96,-1664.7,-863.69,624.04,274.36,-1160.5,-993.05,632.3,808.39,-879.19,-1090.3,1647.4,3814.5,2177,-902.02,-1045.2,1356.2,2025.9,-504.89,-3113.5,-3059.6,-1224.6,266.97,682.99,27.187,-1668.3,-3243.9,-2736.3,0.023628,2671.8,3417.5,2620.9,1240.7,-510.85,-1826.5,-1048.7,1558.7
-997.59,2232,2262.1,-831.46,-1575.7,1316,3030.7,1233.3,-480.1,248.48,382.61,-2347.7,-4698.2,-3307.7,-396.04,301.44,-146.15,1716.4,5246.9,6245.4,3019.1,-1849.4,-5357.9,-6673.7,-6159.1,-4446.4,-2566.9,-1167.4,299.34,2388.7,4329.5,5040.1,4543.8,3311.4,1462.1,-317.43,-700.21,220.97,690.12,299.47,751.42,2140.4,1803.8,-701.9,-1397.2,1480.5,2591.3,-2973.6,-10198,-9574.3,-1106.1,4986.4,2640.2,-2656.7,-3620.5,-1153.3,41.968,-14.853,1597.4,4127.6,4426.6,2671.9,1504.5,938.81,-818.03,-2510.4,-959.05,3039.7,4744.1,2172.9,-1251.1,-1852.7,-102.32,1349.1,1102.4,-768.81,-3408.5,-4892.1,-3477.8,-244.95,1544.2,630.44,-788.93,-696.62,11.095,-198.82,-730.93,-343.94,222.2,-664.05,-2587.4,-3236.6,-1427.1,1441,3245.6,3666.5,4265.1,5967,6997.5,4593,-786.68,-4723.8,-3956.9,-708.53,490.09,-1027.2,-2292.6,-2170.7,-2374.2,-2989,-1839.4,414.73,-297.79,-4243.1,-5136.9,950.8,8036.4,7417,29.438,-4842.4,-2586,1541.3,1486.7,-1269.2,-1660.1,902.55,2649.4,1754.6,577.82,1533.5,3411.9,3115.4,148.69,-2169.2,-870.13,2153.6,2056.8,-2131.2,-5515,-4040.4,-196.13,1195.4,125.01,-261.22,-345.32,-2983.9,-6375,-4897.4,1571.8,5892.3,3995.4,673.8,1123.8,2772.4,1044.2,-1874.4
-747.39,17.478,814.49,3172.7,4883.6,1942,-4564.5,-8214.4,-5618.9,-774.33,1280.9,1029,1414.3,1955,458.3,-1693.1,-861.65,3030.1,6222.3,6422.5,4645,1875.3,-2190.4,-6484,-8311.9,-6980.7,-4680.5,-2617,592.21,5046.6,7306,4777.5,174.87,-1556.2,351.86,2162.7,1304.9,-666.48,-1353.3,-1053.7,-1311.4,-1664.6,-364.44,1931.6,1875.8,-1742,-4900.5,-2911.6,2611.4,4989.5,1610.3,-2114.8,-715.44,2976.1,2233.8,-2882.4,-5436.1,-2321.5,1402.2,1095.8,-537.59,773.19,3102.2,2028.3,-1027.1,-661.7,3375.1,5201.3,1616,-3503.3,-5240.2,-3582.2,-1243.6,569.6,1606.6,914.96,-1327.1,-2513.6,-874.05,1650.9,2214.2,1095.1,400.19,283.64,-554.31,-1573.6,-824.1,1447.2,2566.2,1324.7,-390.43,-713.16,-391.55,-983.9,-2089,-2008.9,-409.17,1184.5,1472,897.62,755.77,1389.9,1879.9,1427.6,359.53,-670.17,-1760.1,-2996.5,-3111.7,-729.09,2730.7,3463.2,-25.197,-4209.8,-4447,-694.41,2666.6,2389.8,-150.59,-1246.2,759.2,3795.7,4213.8,771.25,-3342.6,-3662.5,-220.71,1985.5,-5.4915,-2307.3,124.26,5020.3,5242.8,-454.21,-4927.2,-2934.8,1350.4,973.83,-3529.6,-5525,-2079.7,2600.5,3463.5,414.02,-2912.9,-3395.8,-607.42,3317.5,5371.4,4419.1,2210.6,756.94,-237.55,-1781.5,-2949.3,-2303.8
-2466.2,814.88,3209.2,3579.1,2865.8,983.32,-2321,-4948.3,-4503.9,-2062.3,-606.5,-488.2,228.65,1552.4,1425.4,-150.97,-517.35,1389.2,3421.1,3837.8,3447.3,2829.3,515.77,-3937.3,-7543.3,-7174.6,-3725.7,-527.9,1199.8,2681.3,4059,3590.2,944.12,-1216.6,-479.82,1929.4,2734,948.32,-1124,-1334.8,-404.61,-200.94,-652.65,-201.1,1134.2,1317.4,-547.38,-2561.4,-2652.6,-1264.1,-48.684,613.48,1039.2,582.99,-1168.4,-2525.2,-1563.5,714.18,1724,1357.7,1685.5,2724.3,2054.5,-625.17,-2132,-537.61,1887.4,2341.9,1193.3,-58.218,-1526.5,-3068.2,-2595.2,459.25,2495.7,392.21,-3179.1,-3237.9,167.52,2585.7,2147.2,1036.7,276.86,-1636.9,-4053,-3400.9,822.96,3897.6,2456.5,-627.38,-1025.8,753.44,1417.4,537.77,213.41,832.04,974.12,559.81,668.28,837.72,-297.72,-1999.8,-1984.9,-21.271,1539.1,979.7,-1041.1,-2884,-3252.4,-1551.9,1163.4,2221.4,433.12,-1591.5,-691.54,2030.5,2642.4,278.58,-1734.8,-969.82,1109.4,2058.6,1493.8,243.18,-1008.8,-1361.7,-384.05,337.9,-935.8,-2398.1,-469.91,3923,5211.6,1281.5,-2772.2,-2157.3,508.01,-24.113,-3045.2,-3446.4,-56.113,2980.4,2623.2,-12.843,-2894.8,-4883,-4227.2,152.65,5205.9,5963.8,2327.2,-532.96,152.8,1129.6,-758.61,-3213.1
-2234,-2284.4,-166.47,3005.2,3570.3,804.72,-1686.8,-1501.8,-583.23,-930.61,-1039.9,592.83,1898.1,781.68,-493.87,1228.7,3930.3,2693.4,-2248.9,-4715,-1295.5,3313.5,2614.4,-2841.3,-6653.4,-5375.1,-1958.3,52.363,1544.8,4506.2,6903.6,5223.3,819.08,-1166.2,439.73,1182.8,-1231.1,-2802.9,-421.63,1849.5,-761.09,-4876.7,-3841.3,782.59,1143.4,-3525.9,-4755.7,1273.9,6667.3,3984.7,-2063.1,-2457.9,2059.8,3371.2,-552.32,-3370,-1041.6,3014.1,4458.1,3321.7,1214.6,-1388.1,-3354.3,-2931.4,-1048.7,-544.02,-1237.2,-282.7,1791.3,837.21,-3363.9,-5022.5,-937.33,3945.7,3637.4,-379.15,-2240.9,-148.54,2797.3,3878.7,2691.5,-349.61,-3617.7,-4067.1,-904.25,2286.1,2308.8,964.19,1285,1927.8,24.81,-2722.2,-2416.3,11.052,123.99,-2262.9,-2823,-453.57,980.9,-176.66,-593.47,1517.2,2847.5,1052.1,-744.51,677.76,2908,1838.4,-1640.8,-3098.3,-924.44,2189.2,2965.8,439.54,-3471.4,-4892.3,-1736.3,2449.4,1838.8,-3056.9,-4817.7,193.34,5905.6,5632.7,1805,559.87,1238.3,-849.32,-4265.4,-3179.8,1634.8,2846.7,-1319.4,-3925.6,-962.62,2198.6,300.86,-3138.1,-2263.2,1729.9,3774,3166.9,2387.4,1024.5,-2604,-5865.7,-4292.6,1096.5,4588.1,3726.6,1489.1,507.41,-9.7312,-1007.5,-1675.4,-1794.8
-6689.5,1085.5,8408.5,7169.6,-19.407,-4586.6,-3361.7,-510.74,-24.578,-1239.2,-2014.3,-2253,-2615.7,-2293.9,-112.18,3216.4,5503,5531.1,4225.1,3285.2,2974.1,1557.6,-2607.9,-8336.3,-11800,-10238,-4995.2,35.01,2608.6,3715.4,5110.3,6551.7,6177.3,3133.4,-869,-2935.3,-1863.3,816.36,2940,3949.5,3987.4,2050.8,-2240.2,-5452.5,-3048.1,3180.5,4785.3,-2517.1,-11273,-10955,-2098.3,4685.8,3333.2,-1261,-2887.1,-2394.7,-2310.4,-44.651,6698.9,12359,9561.7,809.19,-4007.2,-1766.7,305.41,-2852.3,-5963.4,-2454.4,4374.5,5898,892.59,-3107.1,-975.19,3209.2,2431.4,-3762.4,-8703.8,-6454.1,1410.4,7075.9,4558,-3623.4,-8909.7,-6238.6,763.2,5379.2,6010,5646.3,5113.5,1950.7,-3482.9,-6039.4,-2892.2,1237.2,332.78,-3622.8,-2939.2,4170.5,9712.7,6342.7,-2302.9,-6169.8,-1912.5,3637.2,3571.5,-577.41,-3167.7,-3147.8,-3510.6,-4193.5,-1812.4,2855.8,3445.5,-2464.8,-7405.3,-3234.3,6463.2,9897.6,2827.8,-5783.2,-5984.8,899.73,6101,5275.6,1367.6,-2041.5,-4329.7,-4769.9,-1419.5,4678,8093.2,5117.9,-841.06,-3320.9,-1282,-32.37,-3277.7,-7590.3,-6953.4,-801.54,5445,7262.5,5212.2,1686.7,-2853.2,-7741.3,-9119.3,-3778.6,4618.4,8130.3,4607.2,542.88,1315.6,3197.2,-124.98,-6350.9
-3382,-2438.4,779.86,3613.2,3482,810.11,-1625.4,-1878.6,-408.92,1181.3,1672.5,560.62,-1576.7,-2681.3,-833.53,2836.7,4424,1911.8,-1667.4,-1796.2,1385.9,3005,-41.406,-4966.6,-7013,-5492.6,-3356.5,-1830.9,960.17,5343.6,7676.6,5216.1,957.11,-108.11,1627.2,1188.5,-2580.5,-4449.5,-938.91,3537.5,2897.7,-1406.5,-2830.3,102.23,2083.1,-127.05,-3012.4,-2645.9,-659,-410.89,-1123.1,-134.32,1615.1,994.13,-1680.3,-2766.1,-760.08,2077.2,3606.3,3911.4,3242.9,1172.4,-1452.4,-2629.6,-2122.5,-1628,-1404.4,198.24,2791.7,2999.6,-407.16,-3432.4,-1943.2,2191.4,3414.9,1.1868,-3932.3,-3960.1,-361.25,2977,2972.3,26.984,-2738.9,-2559.3,279.25,2953.7,3374.3,2000.3,191.57,-1516.7,-2569.2,-1859,184.13,821.75,-1314.3,-3339.1,-1809.6,1897.6,3329.2,1478.9,-232.14,343.71,1409.8,1305.3,1300.1,2225.2,1763.9,-1839.7,-5692.5,-5249.9,-389.55,4252.9,4626.4,1029.1,-2961.9,-3829.7,-1111.1,1754.7,753.66,-3381.1,-5106.1,-1158.1,4553.5,5970.4,2782.4,-400.02,-1233.5,-1324.9,-1210.4,958.7,4452,4779.6,262.19,-4265,-3875.9,-610.73,-26.041,-2773.9,-4154.3,-1388.1,2941.2,5141.5,4482.8,1991.3,-1632.5,-5081.5,-5766,-2441.6,2444.6,4906.9,3653.6,955.6,-495.72,-469.81,-682.91,-2093.6
-7649.6,-1023,5456,4947.8,1591.6,1477.9,3075,2032.7,-541.57,-861.78,249.54,-995.05,-4239.3,-5011.4,-1593.7,2456.7,3330.7,1520.8,294.43,1256.4,2404.4,425.23,-5015.2,-9783.9,-9499.2,-4973,-1099.4,-79.514,1045,4805.3,8726.2,8970,5851.5,2577.1,491.74,-1144.3,-2144.9,-1512.7,261.4,1732,2388.9,1877.5,-634.31,-3553.4,-2360.6,3470.8,6052.6,-1603.8,-13224,-14694,-3248.6,7404,5301.5,-4183.2,-7588.6,-2148.6,3463,4009.7,3486.1,5531.8,6935.8,4174.1,-84.344,-1648.6,-1492.6,-2751.7,-4047.8,-1430.9,4051.9,6277.6,2631.1,-1786.2,-1115,3039.9,3837.9,-1410.9,-7595.3,-8260.5,-3147,2350.5,3678.5,1060.1,-2329.2,-3892.9,-2995,-582.6,1555.7,1935,521.49,-1431.2,-2593.2,-2190.6,-124.17,2439.8,3422.8,2542.2,2758,6260.1,9585.2,6802.3,-1611.6,-7611.2,-5683.9,93.854,2532.5,798.98,-1362.6,-3220,-6269.5,-7978.6,-4119.7,2527.3,3750.6,-1723.4,-5007.9,-127.4,6552.7,5813.6,-792.87,-4083.1,-947.22,2810,2618.6,846.36,905.1,1581.6,248.78,-2021.7,-1893.2,1276.2,4335.3,4030.1,824.91,-1379.2,18,2205.5,28.875,-6022.1,-8621,-3262.3,4623.6,6827.7,3379.4,223.27,-1504.2,-5523.1,-10247,-8356.1,733.02,7205.9,4819.8,348.4,2055.4,5914.6,2793.1,-5374.4
-92.778,581.8,604,1209.9,2432.3,1640.2,-2231,-5289.6,-3470.3,957.88,2317.3,39.169,-1116.7,511.05,909.46,-1861.2,-3248.3,746.58,6775.4,8887.7,6470,2752.9,-1415,-6823.9,-11205,-11171,-7709.9,-4188.9,-175.39,6379.9,11694,8972.4,-67.862,-4863.8,-579.96,4886.8,3538.4,-696.57,-8.1765,3541.7,2208.1,-3066.3,-3673.7,1505,3162,-3185,-9019.1,-5757.3,2003.4,3962.4,-360.21,-2467.1,885.54,3278.6,-351.56,-5676.1,-5543.3,108,5146.5,5668.2,3527.1,2026.6,1447.2,27.288,-2276.8,-2874.6,182.39,4856,6415.1,2639,-3242.6,-5949.1,-4002.9,-859.01,-277.44,-2045.4,-2984.2,-1267.4,1376.7,1880.9,-349.51,-2585.1,-2062.5,625.84,2619.4,2840.5,2921.5,3673.1,3215.3,381.68,-2330.9,-2068.7,-318.97,-764.52,-3159.8,-3401.9,-168.76,2647.8,1799.5,-676.82,-1193.8,60.235,724.55,837.95,1961.4,3032.2,1245.3,-2881.7,-5016.2,-2624,1655.7,3532.3,1986.9,-509.66,-1214,405.81,2291.8,1490,-2493,-6043.7,-5103.2,-594.23,2443.3,1765.6,620.26,1757,2504.3,-379,-3761.3,-1592.3,5276.7,8667.2,4222,-2220.6,-2959.7,829.04,1727.4,-2610.3,-6539.7,-5130.2,-581.65,2100.9,1737.7,239.88,-1656.9,-3997,-4668.9,-1201.9,4591,7508.8,5290,1065.8,-1362.9,-1741.4,-1573.8,-1093.6
-6367.2,-1676.6,3194.6,3905.1,2898.4,2760.3,1991,-360.46,-1977.8,-1730.5,-1714.6,-2598.6,-1921.1,637.13,1388.3,-1041.9,-2401.6,665.52,5174.4,6690.3,5546.9,3946.6,813.64,-5281.7,-11064,-11927,-8425.1,-4317,-159.84,5453.3,9872.5,8390.7,2401,-1004.8,951.52,3104.7,1092.6,-1895.1,-914.69,2565.3,3134.4,-249.56,-3054,-1730.8,1955.7,3498,568.34,-4819.9,-8057.3,-6207.3,-1153.7,2288.2,1691.3,-991.21,-2936.2,-3497.4,-2700,398.16,5431.4,8960.6,7972.6,3933.3,598.98,-1149.2,-3130.4,-5119.8,-4073.1,840.74,5455,5073.4,369.21,-3288.8,-2321,798.18,751.05,-3593.2,-7062.1,-4473.5,2114.9,5280.4,1639.6,-3923.9,-5104.5,-1968.5,1182.3,2944.8,5136.8,7177,5536.7,-142.8,-4864.9,-4491.6,-1040.3,688.5,-482.32,-1640.3,-414.16,2231.5,3430.9,1380.6,-2682.2,-4952.6,-2575.3,2791.4,6230.5,4847.1,301.84,-4085.5,-6401.5,-5733.8,-1852.5,2887.9,4271.6,1526.7,-565.29,1865.1,5349.5,3403.4,-3717.9,-8443.1,-5812.9,348.93,3286.7,1939.8,485.14,1112.2,1248.1,-1314.5,-3660.2,-1063.8,5570,9079.8,4860,-2332,-4276.1,-716.92,600.46,-3851.4,-7536.1,-3972.7,3018.9,5289.6,2398.8,126.47,-388.91,-3015.8,-6582.5,-4360.2,3908.9,8749.3,4532.6,-1718,-1489.7,2164,882.82,-4703.8
562.43,2898.8,1342.1,-888.92,-694.67,-415.2,-2836.6,-5054.5,-2817.4,1736.1,2778.7,-76.324,-1588.3,271.38,1648.7,284.64,-418.23,2380.9,5740.2,5627.7,2897.8,605.92,-1396.8,-4734.2,-7730.6,-7151.8,-3557,-489.6,1025.9,2845.5,4784.9,4017.8,325.93,-2343.4,-1416.4,759.57,1144.9,611.66,1418.2,2623.4,1661,-853.69,-1704,-300.49,250.53,-1776.8,-3677.5,-2310.4,1003,2229.1,377.5,-1320.6,-370.63,1386.1,738.12,-1963.8,-3172.9,-1067.5,2169.6,3496.7,2534.3,939.46,-122.26,-445.14,101.21,1245.7,1787,913.99,-489.27,-1219.1,-1622.3,-2413.4,-2598.5,-957.59,1020.3,634.8,-1573.8,-2123.9,-69.046,1282.3,-236.25,-1890.5,-353.15,2960.8,4231.2,2995.5,1874.6,1690.4,787.43,-1031.8,-1758.8,-939.49,-725.75,-2072.9,-2949,-1807.2,-153.97,137.53,-239.22,185.25,863.65,526.18,-148.31,418.35,1782.8,1898.8,215.99,-1512.6,-1554.8,19.727,1796.5,2180.9,485.23,-2037.2,-2791.4,-793.55,1569.2,1358.3,-798.1,-1453,725.47,2984.2,2325.4,-517.99,-2437.3,-2164.1,-1375.6,-1742.6,-2409.3,-1210,2172.4,5240.4,5258.4,2309.6,-939.63,-2369.9,-2300.6,-2040.6,-1780.2,-854.57,690.14,1855.2,1669,-139.26,-2727.9,-3956.5,-1987.7,1932.5,3942.5,2379.6,302.02,896.58,2351.4,891.36,-2444,-2824.1
900.98,2781.1,1739.1,-251.91,-849.98,-1077.9,-2520.8,-3572.3,-2027.8,496.95,732.57,-780.32,-675.9,1203.7,1466,-510.38,-781.73,2666.8,6029.8,5252.5,1822.1,-580.26,-2038.1,-4605.2,-6899.3,-5647.5,-1672.7,806.29,838.53,1633.8,4008.3,4216.8,500.73,-2975.8,-2096.2,1076.1,2087.9,1029.3,1102.3,2311.1,1723.8,-678.8,-1608.3,-424.75,-537.44,-3222.5,-4596.3,-1628.4,2484.6,2756.9,-190.75,-1453,527.8,2055.3,305.87,-2506.5,-2718.4,-234.03,2132.7,2610.5,1697.9,452.83,-472.46,-499.54,514.8,1615.1,1674.2,878.47,176.53,-455.9,-1705.6,-2945.9,-2476.5,-363.71,852.38,-366.72,-1964.5,-1143.8,1252.7,1767.6,-450.05,-2209.3,-915.74,1827.1,2942,2262.3,1853.7,2143.7,1500.7,-483.08,-1963.4,-1780.9,-1203.7,-1570.3,-2009.9,-1085.6,581.48,1153.5,359.54,-324.1,-55.611,431.19,408.57,235.75,375.45,449.7,-19.439,-617.36,-474.99,568.04,1639.9,1586.1,62.551,-1858.3,-2404.3,-1016.6,675.97,689.07,-583.06,-732.44,1173.7,2898.8,1965.2,-793.14,-2294.2,-1436,-362.73,-1037.2,-2259.3,-1432.2,1606.4,4134.9,3900.3,1587,-504.48,-1201,-1068.7,-956.7,-974.6,-822.68,-338.9,339.52,613.95,-335.14,-2299.8,-3313.3,-1563.9,1776.6,3326.4,1851.6,38.866,481.24,1748.5,902.35,-1393.5,-1627.4
3014.1,2719.1,-394.4,-1986.3,-913.46,-845.02,-3268.5,-4278.5,-1165,2399.7,1849.7,-956.93,-829.45,2267.4,3261.6,377.11,-1801.2,614.99,4905.9,5759.1,2367.7,-1753.2,-4286.9,-5841.9,-6696.6,-5437.8,-1767,2049.5,3967.2,4426.9,4372.6,3006.9,-267.69,-3175.1,-2764.7,165.3,1812.8,783.28,-289.24,520.6,1287.2,-64.201,-1743.8,-986,958.07,602.69,-1813.8,-2371.4,155.51,2134.4,849.46,-1283.9,-876.45,988.58,827.37,-1503.6,-2707.2,-1084.3,1479.6,2636,2096.4,736.9,-577.75,-865.41,331.94,1748,1582.1,132.42,-631.08,-294.19,-507.82,-1729.1,-2053.3,-552.6,704.97,-107.54,-1445.1,-940.64,537.99,311.62,-1493.5,-1921.5,157.21,2351.7,2558.4,1864.8,2139.5,2767.6,1880.6,-306.64,-1662.7,-1402.1,-1115.8,-2024.6,-2895.3,-1904.8,391.5,1532.8,455.05,-1176.1,-1415.8,-473.15,332.03,872.76,1782,2379.2,1278.4,-752.47,-940.98,1396.1,3075.5,1201.9,-2518.5,-3938.7,-1990.2,442,847.01,-158.05,-679.59,-58.457,1083.1,1730.9,986.69,-931.93,-2134.2,-1125,679.97,667.36,-745.15,-432.09,2236.8,3774.3,1800.8,-1231.4,-2014.2,-1307.8,-1664.9,-2498.1,-1360.8,1178.3,2131.8,1091.9,529.33,1044.3,501.33,-1402.9,-1931.3,-137.53,1103.6,-5.6243,-1031.3,209.6,1559.2,461.61,-1047.5,329.19
2471.7,3176.9,860.09,-1613.2,-1653.5,-893.46,-1756.2,-2847,-1562.1,707.16,517.09,-1479.1,-1313.7,1285.6,1990.6,-605.6,-1850,1635.8,6038,5878.7,1956.3,-1001.5,-2013.2,-3688.6,-5810.3,-5023.1,-1155.5,1705.3,1676.6,1515.1,2724.4,2357,-1208.7,-3914.4,-1764.8,2535.6,3586.5,1461.4,520,1583.9,1223.9,-1256.8,-2197,-359.03,324.74,-2403.5,-4469.4,-1737.9,2833.4,3326.9,-129.71,-1926.6,168.69,2120.2,515.79,-2361.2,-2571.5,-178.73,1864.3,2166.3,1494.1,463.49,-688.89,-943.58,426.58,2070.7,2033.2,671.12,-55.676,69.155,-619.05,-2270.5,-2755.7,-1285.6,-149.53,-1047.3,-1987.7,-436.81,2073.2,1792.4,-1299.8,-2933.7,-679.1,2576.3,3060.7,1435.9,1031.2,2406.1,2876.2,1101.5,-974.6,-1492.2,-1366.6,-2113.1,-2919.1,-1955.5,371.69,1611.7,593.66,-1174.4,-1750.4,-999.66,-2.1116,650.12,1056.5,1195.8,940.94,701.12,1132.3,1989.6,1955,161.93,-2349.2,-3348.6,-1850.3,571.63,1429.3,182.57,-1210.1,-852.54,700.82,1381.4,517.78,-360.08,90.024,934.41,255.36,-1912,-3163.7,-1611.7,1647.2,3687.8,3028,936.26,-500.09,-692.3,-468.48,-462.92,-536.92,-528.65,-577.17,-638.29,-553.5,-672.27,-1381.6,-1850.9,-627.87,1889.3,3115.4,1634.8,-533.11,-774.73,303.07,316.89,-547.32,160.94
2449.8,4452.3,2693.6,935.17,434.54,-1401.9,-4921.1,-6395.9,-3873.9,-467.7,352.39,-609.95,-674.37,365.83,900.23,774.76,1392,3264.4,5191.2,5472,3083.5,-1476.9,-5764.9,-6961.8,-4820.1,-1997.5,-690.76,-225.41,1048.6,2898.5,3666.3,2618.7,540.39,-1263.1,-1556.5,238.42,2906.7,3879.1,2051.3,-706.8,-2000.1,-1809.3,-1626.3,-1836.7,-1692.2,-1080.1,-536.7,-36.674,639.3,911.03,349.11,-91.104,472.66,931.01,-225.87,-2046.3,-2189,-508.08,897.47,1071.3,1038.8,1185.9,636.24,-285.3,146.21,1905.2,2700.5,1729.1,1006.4,1464.9,894.75,-1955.4,-4273.8,-3310.9,-1114,-1339.4,-3117.3,-2484,795.07,2524,814.58,-843.76,845.69,3792.5,3688,290.45,-2417.7,-1650.9,1030.1,2218.2,726.23,-1541.9,-2161.7,-909.22,391.32,449.11,-35.019,42.689,324.81,-18.98,-425.39,102.95,790.27,62.864,-1455.6,-1386.4,704.88,2609.9,3035.1,2992.5,2589.9,-224.64,-5393.9,-8263.4,-4971.5,1432.6,4228.9,1716.1,-1297.8,-917.92,991.85,983.67,-405.46,-198.67,1770.7,2468.6,377.11,-2067.9,-1787.5,801.76,2519.2,1746.5,339.7,710.62,2410.4,2994.9,1496.3,-817.18,-2836.3,-4488,-4985.8,-3031.5,46.778,403.5,-2770.9,-4684,-1351.3,3860.3,4697.6,1482.6,387.61,3267.6,4627.1,888.16,-3304.2,-2160.9
-1159,4247.8,5061,3630.9,2265.7,-1188.5,-7134.3,-10477,-7739.7,-2729.8,-391.19,418.45,2851.5,4967.7,3058.5,-638.29,-293.95,4522.2,8372.8,8067.2,5328.2,1408.1,-4555.2,-10618,-11797,-7312.5,-2661.9,-1385.4,32.292,5036.2,9628.4,7748.1,919.52,-3546.5,-2540.9,393.11,2012.9,2848.5,2989.8,265.94,-4827,-7123.1,-3440.5,1970.8,2727.6,-923.24,-2973.3,-520.12,2735.3,2684.8,489.45,-300.13,501.56,174.56,-1865.8,-2974.1,-1533.2,647.77,1431.4,1429.5,2096,2640.3,1429.1,-610.65,-860.16,960.05,2400.9,2090.5,1094.4,1.1999,-2096,-4487.9,-4263.9,-1159.5,401.78,-2400.5,-5349.2,-2747.6,3429.4,5641,1810.4,-1823.9,-449.46,2596.9,2299.6,223.22,1101.3,4199,4124.2,-426.1,-4379.7,-3853.1,-1333.7,-953.59,-2101.2,-1135.3,2301.5,4322.9,2304.5,-1404.8,-2621.5,-669.94,1239.7,642.48,-1123.3,-1402.7,-211.96,271.56,-450.57,-541.12,486.2,284.26,-2315.8,-4251.8,-2118.8,2312.3,3961.9,1565,-606.71,983.47,4298.7,5011,2350.8,-680.68,-1744.6,-1494.4,-1715.8,-2894.3,-3982.5,-3647.2,-1459.7,1662.2,4024.9,4405,2903.9,746.41,-717.56,-1226.8,-1942.7,-3774.1,-5200.4,-3508.9,740.32,2890.9,426.13,-2263.2,344.9,5761,6085.8,234.23,-3369.7,582.11,5633.9,3258.1,-3931.2,-6214.3
282.96,3318,2366,-28.548,-515.4,-287.25,-1901.5,-3864.4,-2921.7,-11.825,866.14,-882.42,-1814.6,-437.74,879.89,925.38,1866.6,4544.2,5860.9,3584.1,26.597,-2125.8,-4085.2,-7276,-8721.3,-5086.2,828.48,3186.3,1807.4,2068.7,5799.3,8008.6,4631.7,-1264.4,-3954.7,-2255.2,758.03,2519.7,2385.2,307.81,-2802,-4605.5,-3781,-1954,-1154,-763.73,661.79,2046.6,1293.4,-744.95,-1038.6,949.34,2357,1142.5,-1337.2,-2638.2,-1935,244.6,2906.1,4364.6,3076.8,-188.55,-2492.9,-2019.1,48.522,1593.6,1968.7,1470.5,92.513,-1818.5,-2879.2,-2098.7,-314.39,808.8,542.53,-768.1,-2265.7,-2587.9,-718.83,2161.5,3194.4,1505.4,-287.9,81.245,1030.6,22.025,-1655.1,-642.55,2432.4,2866.9,-1075.1,-4861.5,-3805,457.17,2773,1837.7,924.24,1829.7,2151.4,-180.71,-2924.3,-2605.6,238.95,1837.5,701.07,-539.46,512.18,2417.5,2444,803.5,-329.22,-1101.9,-3813.1,-7843.2,-8358.8,-2632,4786.6,6817.5,2861.6,-733.17,505.9,3729.6,3834.8,705.93,-1620.2,-1107.2,394.89,886.46,632.27,335.64,-441.37,-1797,-2325,-978.85,1027,1630.1,554,-775.54,-1402.9,-1493.2,-1079.6,113.79,1211,319.18,-2636.7,-4551,-2554.1,1791.7,4046.4,2805.5,1383.1,2371.8,3383.7,1025.1,-2930.5,-3427.2
2785.6,5135.6,1984.1,-596.68,561.49,438.5,-4465.7,-8838.4,-6651.8,-820.33,1674.7,253.71,-359.46,1056.1,1506.8,681.73,1790.2,5221.4,7221.1,5840.1,3105.9,259.74,-3994.5,-8831.7,-10066,-6311.1,-1970.3,-792.82,-364.41,3005.9,7203.5,7059.2,2397.4,-1646.4,-1881.4,-139.36,1151.5,2150,3085.6,2332.7,-728.97,-3521.3,-3439.6,-1565.3,-836.47,-1656.9,-1844.9,-511.49,623.01,290.52,-190.95,767.44,2059.7,1193,-1846.7,-3971.8,-2738.9,724.2,3429.1,3981.3,3071.1,1478.3,-519.46,-1962.3,-1457.3,743.25,2454.4,2176,750.07,-364.54,-1069,-1771.6,-1982.1,-1352.7,-1012.4,-1926.9,-2690.7,-1208.1,1646.7,2528,358.27,-1724.3,-557.02,2560.2,3528.9,961.63,-1968.3,-1665.4,1253.6,2731.4,429.87,-3251.5,-4187,-1622.9,1438.4,2725.8,3168.6,3940.9,3617.6,690.19,-2874.5,-3773.7,-2226.2,-1309.5,-1732.7,-1083.7,1178.7,2137.2,511.24,-688.28,592.33,1178.6,-2271.3,-6557.3,-5395,1264,6461.7,5493.6,1504.6,22.273,1515.7,2227.4,273.07,-2195.9,-2490.9,-789.83,503.79,-147.4,-1649.1,-1770.5,-123.27,1345,1297.3,1006.3,1977.9,2945.8,1574.2,-1616.5,-3686.7,-3351.2,-1922.6,-437.71,1036.4,1295,-1024.6,-3797,-2948.2,1093.9,3075.9,1098.1,-29.583,2909.2,5221.7,1820.8,-3355.7,-2723.3
4093.4,6516.4,3635.1,-487.21,-1482.9,-1023.2,-2896.1,-6109.7,-6485.1,-3382,-295.35,636.82,571.79,498.33,-71.924,-368.01,1740,5748.1,7810.6,5694.2,1508.4,-2095.9,-5237.4,-8129,-8447.1,-4803.2,-439.67,537.72,-755.14,264.23,4344.4,7037.2,5222.8,1328,-398.79,921.22,2909.4,3183,1072.3,-2239.4,-4131.3,-2721.5,353.26,1146.6,-1468,-3950.3,-3016,-291.19,428.66,-1022.5,-1294,1019.3,3190.4,2338.4,-780.33,-3105.9,-2795.3,-349.21,2525.7,4017.6,3024.6,93.125,-2621.6,-3057,-954.5,2156.1,4247.5,4009.5,1542.9,-1614.4,-3505.2,-3220.6,-1350.2,841.61,2219.4,2038.2,405.65,-1303.9,-1469.5,-128.43,960.82,625.48,-346.05,-871.53,-1441.5,-2865.7,-3938,-2465.8,1095.1,3074,945.4,-3011.3,-4115.9,-855.16,3691.8,6017.3,5849.2,4831.5,3444.5,1249.2,-804.23,-974.81,124.37,-453.48,-3629.6,-6178.8,-4879,-997.96,1840.5,2766.9,3286.8,2646.6,-1763,-8250.4,-9844,-2979.4,6072.9,8090.6,2657.2,-1950.8,-509.9,2878.6,2197.7,-1529.9,-2716.9,79.32,2666.9,1908.8,-375.21,-1149,-383.8,372.59,1189.5,2937.3,4536.9,3721.1,434.48,-2752.7,-3973.5,-3858.9,-3406,-2232.2,-424.4,-142.11,-2812.9,-5767.1,-4769,49.05,3934.2,4034.3,2852,3294.1,3680.9,1257.2,-1777.3,-668.14
5782.3,6004.9,1618.4,-1940.2,-1755.3,-1154.3,-3159.4,-5244.6,-3956.4,-879.61,155.71,-787.37,-765.6,549.7,929.77,442.08,1651.2,4586.6,5762.2,3418.3,-12.616,-2279.5,-4449.3,-7265.1,-7890.2,-3972.9,1418.8,3234.4,1660.6,1470.8,4280.5,6054.9,3602.7,-567.12,-2259.3,-1233.1,86.13,974.7,2023.6,2179.3,80.48,-2470.1,-2354.1,-355.98,-434.65,-3146.4,-4168.4,-1208.6,1874.3,1049.6,-1355.8,-539.51,2689.9,2995.5,-897.01,-3969.2,-2308.6,1755.4,3864.8,3226,1493.5,-736.98,-3106.1,-3491.8,-474.08,3341.8,3868.9,988.01,-1528.2,-1373.9,-9.7652,697.45,1095.9,1839,1859.3,123.6,-2091.2,-2600.6,-1371,-552.75,-1407.1,-2416.1,-1244.7,1686.7,2791.9,-306.51,-4587.8,-4305.4,1272.9,5698.9,3456.5,-2290.5,-4100.5,-754.18,2048.7,1394.2,1188.8,4268.5,6627.2,4010.4,-569.47,-1729.6,-659.41,-2367.1,-5969,-5432,-99.106,3355,1609.6,-117.6,2311.8,3823,-1839.2,-10363,-11156,-2243.7,6609.7,6940.7,1597.6,-1177.2,993.09,3510.5,2606.9,-118.36,-1046.8,584.07,2397,2158.8,67.088,-2084.2,-3050.9,-2765.1,-1298.2,1405.4,4288.9,5114.7,2907.5,-500.73,-2710.2,-3547.6,-4025.2,-3758.1,-1913.5,41.73,-329.19,-2313.5,-2506.4,-28.733,2078.1,1879.3,1385.2,2288.3,2519,353.41,-1190.8,1448.3
3694.8,6679.7,3485.1,-916.97,-2020.3,-2534.8,-5555.8,-7541.8,-4460.8,119.46,445.42,-1581.3,-83.465,3645.8,2823,-2290.1,-3059.4,4043.8,11268,10903,5323.9,611.62,-3127.6,-8319.4,-12060,-9770.8,-3833.8,-640.68,-488.54,1682.7,5861.8,5786.7,-65.783,-4400.1,-1817.7,3212.1,4179.6,2594.6,3721.3,6435.5,5126.5,-39.929,-2778.5,-1131.4,-712.66,-4925.1,-8586.5,-5916.6,65.393,2046.4,-547.71,-1586.1,1353,3183.6,-237.9,-5211.3,-5341,-269.41,4701.6,5909.3,4385.6,2359.5,511.89,-794.76,-618.31,985.86,2452.8,2695.2,2023.6,683.71,-1475.6,-3302,-2830.2,-658.55,-180.1,-2546,-4095.2,-1663.2,1884.7,1382.5,-2685.6,-4583.7,-1742.6,1901.8,2418.9,1409.2,2244.8,4118.6,3608.7,455.47,-1984.6,-1679.9,-237.74,81.957,-657.67,-829.91,452.76,2431.2,3394.6,2240.1,-152.56,-1599,-1265.9,-728.87,-1503.8,-2810.8,-3149.2,-2616.3,-1737.5,352.74,3698.2,4907.9,876.55,-5099.6,-5669.9,655.62,6429.1,4970.1,-656.92,-2564.3,661.31,2913.9,318.37,-3390.8,-3101.2,162.49,1336.6,-1047.4,-3016.6,-1016.5,3287.6,5526.7,4291.8,2171.2,1480.1,1239.7,-560.2,-3460.4,-5194.7,-4888.4,-3464.7,-1500.9,756.3,1583.2,-685.47,-3801.7,-3056.1,1853.9,5310.7,3691.1,765.28,1279,3030.7,1109.7,-2667.4,-1854.4
1899,4325.4,2649.2,190.74,-334.5,-1272.4,-4357.9,-6080.5,-3589.9,-567.21,-1299.8,-2762.1,265.63,4890.6,3493.8,-3081.2,-4872.8,2461.3,10668,10905,5426.6,1433.5,-624.84,-4890.3,-10141,-10644,-5857.1,-1326.8,418.75,2428.9,5393.4,4761,-825.86,-4935.3,-2212,3357.1,4831.8,2796.5,2645.3,4306.3,2749,-1924.3,-3422.9,-144.04,992.11,-4144,-8744.4,-4863.5,3538.9,5678.8,-2.0384,-3863.7,-183.13,4371.8,1662.9,-5190.3,-6625.9,-619.49,5322,5389.9,2143.1,578.96,975.38,682.87,-518.84,-545.98,1113.3,2674,2635.8,1033.1,-1352.8,-3367,-3734.1,-2521.3,-1595.1,-1993,-1899.4,510.93,3115.4,1882.6,-2965.3,-6143.3,-3972.6,977.68,3947.5,4259.4,4631.8,5765.5,5269.7,2103.1,-1204.9,-2129.2,-1635.5,-2187.2,-3715.1,-3814.7,-1578.3,890.28,1325.8,119.09,-740.37,-510.84,-100.33,-64.356,149.26,632.93,324.61,-1006.4,-1383.8,872.28,3827,3489.5,-748.84,-4439.2,-3357.5,1057.5,3607.6,1972,-843.2,-998.38,1238,2354.9,485.94,-2163.7,-2253,140.61,1203.5,-1687.5,-5754.3,-5501.5,224.44,6184.3,7101.2,3940.1,1504.4,1446,1076.4,-1347.7,-3873.6,-4238.1,-2918.6,-1489.5,-530.5,-467.8,-1828,-3102.2,-1263.5,3443.8,6197.6,3939.7,162.53,-320.47,1289.9,527.15,-2152.1,-1932.3
-3829.1,-629.69,2392.9,4593.7,5665.8,3381.1,-2593.4,-7618.9,-7411.3,-3937.9,-1541.1,-15.327,3052.3,5569.2,3327.1,-1831.3,-3144,1294.1,6188,7389.5,6258.4,4199.4,-439.27,-7135.4,-11094,-10151,-8135.3,-7220.7,-3037.3,6703.6,14360,11330,1508.8,-3192.6,468.81,4055.8,1813.5,-1471.6,-542.45,914.68,-2621.6,-7803.7,-6752.5,414.74,5088.2,2420.1,-2434.7,-2525.8,1395.2,3300.6,1039,-1355.5,-349.11,1862.7,858.75,-3225.2,-5440,-2650.4,2390.7,5091.8,4813.8,3948.4,2892.9,-88.212,-4020.3,-4608.6,-377.96,3977.7,3253.9,-1483.1,-4784.8,-3967.8,-1284.8,182.85,-257.22,-1572.8,-2228.5,-745.48,2595.1,4703.8,2811.1,-1380.2,-3344.3,-1647.3,866.38,2263.2,4079,6913.2,7259.5,2229.1,-4950.9,-8196.7,-6296.2,-3497,-2686.1,-2106,163.52,2330.5,1882.1,-173.07,-881.39,403.47,2097.3,3565.8,5081.5,5060.2,1079.2,-5292.7,-8110.5,-4001.4,2722.7,4901.1,1283.2,-2675.8,-2336.8,1081.9,3471.4,2779.3,-229.83,-3589,-4924.9,-2803.7,1065.7,2919.9,1672.4,158.77,47.538,-997.92,-3981.9,-4262.2,1967.1,9408,8973.4,1043.9,-4168.2,-1254.6,2978.7,706.26,-5132.6,-6450.6,-2542.9,333.73,-712.13,-2561,-2773.9,-2137.6,-480.72,3623.2,8015.8,7806.6,2796.7,-1320.9,-1235.3,-325.82,-2130.6,-4517.4
-2493.3,561.94,1780.1,2082.2,3426.1,3332.6,-891.38,-5723,-5809.9,-2423.8,-842.77,-1201.6,645.82,4031.3,3400.3,-1676.7,-4258.4,-445.11,4809.8,5854.4,4206.1,3756,3297.4,-524.95,-6197.2,-8926,-7447.2,-4410.5,-1330.3,2201.8,5020.5,4735,1902.6,84.456,1000.7,2594.9,2581.4,1210.6,-362.78,-2040.2,-3801.6,-4440.5,-2742.6,658.92,3401.4,3379.1,783.75,-1746.4,-1760.4,29.343,746.41,-340.61,-780.01,606.09,1108.1,-1412.2,-4014.8,-2465.2,2105.6,4676.7,3670.5,2107.6,1498.5,-197.42,-3223.2,-3803.6,-88.359,3778.5,3080.6,-899.11,-3313.8,-2560.8,-1015.5,-457.97,-385.58,-225.52,-133.49,172.21,933.11,1118.6,-133.8,-1525.8,-1342.4,-343.8,-246.33,-119.15,2352.4,6080.5,6673.6,2373.4,-3110.3,-5241.4,-3779.5,-1617.6,-553.53,-262.59,-171.33,-242.57,-317.17,-159.94,10.269,7.3996,379.49,1654.8,3015.9,2658.7,-120.24,-3525.6,-4526.2,-1993.4,1616.2,2639.7,535.15,-1389.6,-333.56,2328.2,3196.2,1416.7,-909.64,-2026.8,-1920,-905.4,720.66,1734.7,1006.9,-601.48,-1554.1,-2251.1,-3493.9,-3211.4,1065.8,6493.3,6830.7,1480.3,-2685.5,-1170,1736.9,375.43,-3302.5,-3655.1,-644.46,1050,-2.2745,-1201.3,-1747.1,-2874.3,-2947.2,983.76,6442.9,7090.7,2279.3,-1499.4,-653,644.91,-1416.3,-3787.2
1026.4,8977.1,12126,7191.7,-1160.3,-8007.5,-12001,-12130,-7478.3,-1250.8,1004.3,-1036.1,-1910,954.9,3546.6,2669.1,1441.6,3683.6,7410.6,8156.1,5226.6,720.37,-4280.5,-8512.2,-9023,-5500.1,-2901.9,-4551,-5596.3,294.96,9733,12486,5582.2,-2497.7,-3267,2203.4,7354.3,8263,4779.2,-1652.9,-7676.1,-9156,-6149.4,-3758.6,-4909.9,-5595.6,-1228,5258,6807,2394,-1506.8,-37.196,3888.3,4268.9,-87.042,-4602,-4664,-602.11,3137.4,3119.6,518,-1046.7,-478.59,98.45,-247.23,726.42,4172.7,6697.9,4273.8,-1971.5,-6969.2,-7683.8,-5028.6,-1018.4,2592.1,3682.2,1604.5,-556.67,589.71,3045.7,1468.8,-4435,-8339.9,-5958.7,-653.97,2476.4,3762.1,6006.4,7835.6,5523.9,-18.312,-3596.3,-3230.9,-2430.5,-3792.4,-4714.3,-1947.8,2786.4,5002.1,3659.3,1952.2,2173.8,2650.5,786.48,-2738.6,-4642.3,-3356.8,-841.05,379.22,320.24,298.52,-130.27,-2462.1,-5534.8,-5408.4,-437.41,5579.9,7372,4178.5,-102.84,-1841.3,-770.89,1248,2448.1,2011.8,261.72,-1690,-3157.5,-4301.3,-4714,-2910.7,1319.2,5394.1,6793.1,6253.4,5753.2,4554.4,530.69,-5045.8,-7763.8,-5796.7,-2311.1,-1254.2,-3267.3,-6319.8,-7667.8,-4829.6,2057.3,8194.8,8204,3337.7,425.43,2097.6,3188.8,-101.99,-2924.7
2757.5,8203.8,10192,5770.9,-1727.8,-7585.6,-10063,-9292.6,-5720.5,-1419.8,288.14,-1126.8,-2181.4,-354.24,2216.8,2539.9,1780.1,3072.7,6008.3,6984.7,4320.2,-244.2,-4538.3,-7256.3,-6970.1,-3587.4,-540.84,-1342.7,-3622.4,-1294.2,5900.1,10048,5498.3,-2509.2,-4288.3,1711.8,7762.3,7330.3,1845,-3368.9,-5575.7,-5434.2,-4455.5,-3732.8,-3497.6,-2596.4,154.19,3345.1,3740.1,851.16,-1442.9,130.85,3376,3422,-444.02,-3728.1,-2837.4,455.11,2009.7,786.81,-786.31,-931.48,-486.12,-439.04,250.68,2787,5694.6,5860.1,2336.8,-2498.5,-5750.6,-6364,-4416,-277.49,4168.6,5527.9,2538.8,-1398.5,-2032.9,-73.16,-170.28,-3922.9,-7251.9,-6079.1,-1601,2295.7,4340.5,5618.6,5825.5,3571.7,0.48608,-1609.6,-599.25,-96.725,-2028.2,-3770.6,-2040,1942.5,4078.5,3208.5,2154.8,2738.4,2790.5,-229.97,-4695.8,-6382.9,-3965.5,-537.19,707,106.34,-344.01,-580.07,-1835.9,-3294.9,-2294.5,1508.7,4682.4,4240.4,1518.1,-37.162,441.82,1048.6,758.34,593.18,1046.3,849.94,-861.82,-3028.7,-4221.8,-4164.5,-2855.7,142.35,4273.5,7254.6,7307.4,5190.2,2680.9,64.698,-3179.3,-5975,-6141.4,-3577,-1249.8,-2024.3,-5138.6,-6636,-3511,2647,6680.1,5286.9,992.74,-841.45,1130.6,2888.6,1524.2,28.75
3735.8,4547.3,1258.1,-1110.1,-2065,-4195.2,-7121.7,-7565,-4310.8,292.33,3374.9,3836.1,2214.9,236.15,-34.697,1780.5,3698.3,3986.6,3550.3,4158.5,5149.3,3901.3,-524.59,-5879.8,-9145.1,-9235.4,-6919.3,-3080.3,1877.4,6807.6,8989.2,6079,-542.55,-5857.5,-6087.2,-2396.8,1746.4,4993.7,7055.7,5445.9,-1439.5,-8495.4,-7797.6,-185.33,3853.1,-1136.1,-6686.2,-2789.7,6366.3,8304,1158.9,-4003.2,-593.03,4219.4,1911.2,-4334.4,-5698,-1127.9,2865.1,2808.6,1473.7,1381.7,1373.8,385.57,-101.65,1122.8,2761.1,2765.5,485.51,-3138.6,-5858.2,-5206.3,-1500.3,1028.6,-1114.6,-5401.9,-5851,-975.56,4174.9,4774.4,1910.4,-18.123,948.84,3232.9,4724.8,4748.4,3622.2,1892.3,159.87,-992.43,-1258.4,-1103.2,-1907.2,-4429.2,-6641.3,-5063.9,131.07,3624.9,1516.3,-2570.8,-2210.4,2153.9,3791.5,335.39,-2402.2,134.48,3820.7,2551.5,-1932.5,-2881.1,980.09,3873.5,1688.3,-2874.9,-4864.5,-2929.3,656.09,3016.7,2689,693.55,39.462,2225,4442.2,2758.2,-2138.4,-5395.6,-4404.2,-1461.5,630.78,2058.5,3475.1,3287.5,156.63,-3782.3,-4918.3,-2624.6,138.08,353.95,-1851,-3240.8,-775.5,4202.1,6046.7,1438.7,-4957.9,-5337.4,698.46,5405.9,4196.9,1873.1,3789,6314,2634.1,-5243.5,-8115.3,-2773.9
137.44,5931.9,6272.4,936.8,-4847.7,-7125.2,-6346.9,-4249,-1325.4,1663.2,2814.9,1515.6,-246.12,-488.7,440.21,1329.5,2201.5,3599.7,5186.8,6154.1,5685.7,2490.8,-3873.3,-10345,-12042,-8408.3,-4498.2,-3530.3,-1828.3,4545.7,11347,10590,2245.2,-5086.6,-5577.6,-1797.4,2293.3,6788.1,10930,9708.4,1251.8,-7256.6,-7859.6,-2915.5,-1001,-3889.7,-5358,-2489.7,80.791,-926.21,-1845.8,754.93,3384.6,1227.9,-3712.2,-5451.6,-2450.4,1744,4539.4,6178,6501.2,4476.7,1082.1,-1044.2,-1091.7,-269.56,1066.1,3057.7,3589.3,197.27,-4827,-5841.1,-1913.5,928.43,-1885.1,-6712.2,-6985.4,-2324,1919.1,2536.4,1442.8,1197.2,1697.5,2086.9,2671.9,3587,3755,2431.7,314.84,-1622.3,-3053,-3668.5,-3144.6,-2048.2,-1172,156.89,3013.4,5857.9,5348.6,1267.1,-2246.9,-2268.2,-1042.9,-1625.3,-2355.9,10.387,3363.9,2033.2,-3979.9,-7217,-2971.2,3313.3,3307.3,-2406.1,-5293.8,-1013.8,4935.5,5400.2,1021.4,-1839.3,-118.88,2949.1,3346.5,1221.6,-781.67,-1658.9,-2356.7,-2869.4,-1424.8,2552.2,6069.5,5109.9,-187.81,-4624.6,-3740,408.19,1522.2,-2709,-7161.5,-5588.7,1423.5,7099.6,6272.3,279.2,-5644.3,-7505.7,-4738.8,477.13,4879.1,6401.7,5693.6,4526.6,2822.8,-726.77,-4765.4,-5003.5
43.286,1632.3,482.54,-1248.5,-1096.7,-235.89,-915.39,-2077.6,-1020.9,1662.2,2533,595.55,-1373.1,-1326.9,-478.92,-225.58,347.06,2103.1,3565.9,3128.3,1602,447.14,-789.72,-2948.6,-4669,-3987.9,-1613,21.767,402.33,1028,2153.9,2218,803.87,-420.38,-420.12,-132.06,-215.81,254.24,1583.9,2061.6,525.42,-1313.7,-1157.8,388.91,772.53,-646.7,-1852.7,-1328.6,-16.748,440.66,-44.314,-402.89,-180.13,44.58,-262.23,-783.82,-769.69,-0.37572,922.54,1348.3,1367.4,1392.9,1187,185.42,-1082.1,-1061.5,627.46,2086,1355.9,-931.6,-2388,-1935.7,-720.86,-161.82,-462.72,-1105.3,-1492.6,-926.02,734.29,2111.8,1471.1,-629.23,-1367,704.73,3425.3,3761.1,1668.4,-399.63,-1088.7,-1305.2,-1942.3,-2424.9,-2083.5,-1391.6,-902.22,-120.73,1419,2738,2377,517.89,-1048.7,-1151.4,-396.36,171.93,507.43,951.65,1051,185.51,-932.82,-787.68,603.4,1186.4,-401.79,-2600.4,-2746.4,-630.45,1287.8,1221.8,82.473,-320.05,309.35,1059.4,1444.4,1514.6,994.63,-396.41,-1979.1,-2531,-1666.1,-63.393,1486.5,2470.4,2381.2,1111.2,-408.28,-988.52,-735.78,-860.78,-1729.4,-2139.1,-1064.3,683.33,1279.4,65.808,-1607.7,-1724.5,267.03,2641.2,3094.5,1493.6,140.66,585.39,1283,24.155,-2208.8,-2319.9
-66.908,1008.4,412.79,-799.99,-987.78,-631.76,-1118,-1861.8,-1026.3,1254.4,2677.2,1978,364.16,-639.43,-925.7,-784.64,77.803,1511.1,2320.2,1800,773.23,97.579,-734.39,-2303.4,-3616.6,-3258.2,-1523.4,115.24,1179.7,2194.9,2828.3,1940.2,-225.87,-1683.7,-1253.4,-4.9258,666.57,960.26,1499.9,1597.4,381.98,-1182.4,-1357.5,-406.21,-301.01,-1476.1,-1936,-439.28,1315.5,1164.2,-250.42,-611.39,421.27,860.49,-285.9,-1432.9,-908.14,622.6,1408.2,1144.4,854.55,892.48,571.35,-294.78,-791.96,-232.96,777.86,1075.5,246.91,-1095.9,-1984.1,-1821.7,-806.46,160.52,252.02,-424.19,-930.36,-523.67,609.17,1599.5,1649.8,675.06,-476.39,-623.78,470.64,1609.3,1500.4,382.86,-442.27,-526.96,-690.96,-1423.4,-2017.9,-1723.4,-726.88,518.36,1861.3,2716.6,1994.3,-198.78,-1896.6,-1601.8,-319.86,168.17,58.094,642.72,1469.3,842.46,-951.63,-1554.9,-242.55,766.93,-189.4,-1662,-1561.1,-255.14,635.69,922.51,1261,1218.9,246.93,-413.78,677.07,2241.5,1629.1,-1031,-2719.1,-1884.1,-273.68,305.74,416.17,919.56,934.71,-295.53,-1427.6,-1024.4,-90.629,-390.99,-1312.3,-790.47,1188.1,2365.3,1461.8,-362.99,-1473.9,-1417.1,-402.23,1161.6,2240.1,1833.5,493.35,-221.9,-75.703,-333.06,-1259.5,-1377.1
-2897.9,-195.94,2691.3,2852.7,862.68,-800.47,-1260.8,-1287.1,-1062.1,-151.29,718.95,96.93,-1603.4,-1890.4,408.83,3001.8,2901.8,532.58,-758.05,723.16,2733.8,2206.7,-793.81,-3643.3,-4779.5,-4842.9,-4341.7,-2340,1509.1,5179.9,6107.2,4157.3,1441.1,-396.25,-1359.4,-1837.8,-1662.4,-745.95,407.01,1223.3,1413.6,799.09,-343.08,-875.4,32.456,1245.7,641.43,-1809.3,-3468.4,-2401.4,78.427,1377.5,878.29,-193.43,-1045,-1653.6,-1502.8,7.1935,1999.7,2787.7,2230.8,1735.1,1698.2,841.05,-1232.4,-2657.4,-1780.5,298.83,1158.5,255.11,-736.64,-406.39,821.24,1504.2,648.3,-1510.5,-3399.5,-3063.6,-204.57,2838.8,3179.8,619.27,-2060.3,-2269.2,-287.31,1564.8,1667.3,417.33,-712.08,-729.17,172.92,957.54,690.94,-563.68,-1675.4,-1437,197.56,1908.2,2215.6,957.92,-591.22,-1134.8,-566.25,416.93,1329.6,1816.4,1059.6,-1363.4,-3901.7,-3899.6,-942.14,1966.5,1918.3,-167.6,-993.63,533.62,2154.1,1710,-211.13,-1686.7,-1859.1,-1025.6,325.06,1461.6,1382.2,-11.14,-1311.3,-1091.9,473.86,2083.5,2703.2,1934.6,-10.329,-1855.4,-1875.2,-146.68,851.47,-631.81,-2818.6,-2582.2,197.24,2558.8,2482.7,753.62,-1228.9,-2973.7,-3602.5,-1676.3,2173.8,4594.6,3448.8,777.12,-257.59,85.402,-718.95,-2683.2
-2321.7,-983.03,1257.1,2059.3,799.26,-879.57,-1515,-1163.8,-293.18,913.98,1712.9,962.27,-927.84,-1655.6,27.257,2138.9,1935.1,-118.74,-894.64,864.61,2706.2,1998.1,-556.64,-2422.7,-2880.2,-3118.7,-3323,-2052.2,984.88,3523,3357,1201.7,-394.03,-333.98,159.11,-239.46,-1131.2,-1156.3,124.08,1606.7,1827.4,653.43,-394.86,59.744,1241.3,984.28,-1143,-2785.5,-1949.9,34.237,505.02,-464.4,-484.95,809.91,869.26,-1313.5,-2763,-762.79,2669.5,3481.9,1435.3,-83.474,363.77,511.27,-1081,-2228.4,-795.3,1477.8,1468.3,-597.64,-1698.3,-564.27,983.42,1162.1,288.04,-664.37,-1418.7,-1595.2,-488.69,1284.5,1589.5,-367.42,-2281.9,-1516.2,1242.9,2874.1,1922.1,-10.501,-915.15,-569.67,304.08,1263.4,1619.1,294.74,-2348.5,-3712.2,-1831.6,1505.5,2494.5,216,-2182.7,-1811.4,395.77,1733.5,1676.3,1683.2,1945.1,920.99,-1571.8,-3135.3,-1899.9,677.77,1652.5,346.51,-1227.8,-1260.8,-48.466,933.96,707.55,-547.78,-1613.2,-1050.8,1185.2,3059,2460.4,-79.138,-1871,-1406.3,128.88,989.45,951.18,513,-355.88,-1393.6,-1386.9,-39.409,643.92,-1035.2,-3201.5,-2308.5,1671.7,4595.1,3472.3,69.705,-2111.1,-2254.7,-1676.5,-662.31,1395.6,3471,3375.5,1025,-1112.6,-1488.4,-1309.3,-1918.8
3463.9,5245.2,2238,-1101.5,-911.05,-275.31,-3126.4,-6463.4,-4919.1,-45.873,1820.7,-431.71,-1689.5,433.9,2341.6,1484.8,539.08,2021.3,3790.1,3038.2,748.53,-995.08,-2639,-4776.9,-5296.6,-2667.3,407.87,608.11,-583.25,772.74,4419.2,5889.2,3065.2,-1045.8,-2687.1,-1412.1,952.7,2666.9,2467.5,-9.0304,-3048.8,-3935.3,-2170.3,-55.966,567,337.91,356.25,189.78,-703.51,-1254.2,-279.36,1321.1,1600.6,263.65,-1144.2,-1424.8,-794.57,78.627,857.19,1221.4,830.95,4.1036,-256.59,567.93,1673.8,1743.6,542.02,-724.39,-866.93,-201.11,-22.69,-698.4,-1159.5,-652.28,-12.48,-296.08,-939.31,-605.73,546.61,979.77,193.23,-489.14,3.7527,907.53,831.79,-318.14,-1297,-917.96,752.28,2148,1377.2,-1519.9,-3884.1,-3283.1,-629.71,1257.8,1777.8,2734.8,4321.8,4085.6,1101.9,-1861.6,-2332.2,-1583.8,-1692.7,-1754.7,-155.49,1624.7,1249.7,-90.181,249.96,1045,-1168,-5285.3,-5768.5,-887.78,4073,4219.4,1420.3,192.91,842.89,634.99,-710.03,-1002.4,76.812,528.56,-322.02,-924.61,-381.65,379.59,593.17,688,1046.6,1423.5,1717.2,1901.8,1376,-219.5,-1878.6,-2336.3,-1823.9,-1374,-1159.7,-1031.5,-1596.1,-2841.9,-2919.6,-674.66,1826.4,2096.1,1275.7,1937.3,3053.1,1647.1,-1050.8,-482.72
5350.8,6792.3,1832.3,-2059.3,-864.28,-556.97,-5843.8,-10602,-7215.3,636.89,3480,533.7,-735.83,2215.3,3943.5,1688.9,121.49,2779,6136.3,5764.1,2522.4,-964.67,-4723.9,-8435.2,-8877.5,-4879.5,-796.15,-309.64,-386.09,3303.1,8049.5,7510,1776.2,-2509.2,-1893.5,298,919.68,1328.6,2517.2,1665.9,-2605,-5913.7,-3823,913.48,1880.2,-1588.5,-3684.6,-983.68,2840.7,2960,223.78,-963.1,635.42,1923.2,496.99,-2128.7,-2965.1,-1240,1349.8,2812.6,2322.5,419.17,-1254.6,-1052.2,898.89,2482.6,1998.5,208.95,-991.27,-1223,-1459.3,-1739.8,-1085.4,191.2,307.46,-1025.2,-1552.3,161.68,2087.3,1440.1,-1132.1,-2337.4,-767.89,1495.9,1963.2,703.37,-257.88,557.77,2522.5,3309.4,1104.4,-3022,-5677,-4887.9,-2220.8,-61.339,1602.5,3677.1,4887.5,3345.7,365.18,-833.71,-91.765,-278.84,-1995.5,-2422.4,-514.91,995.99,689.11,1039.8,2995.5,2491.8,-3095.7,-8648.9,-7206.5,-160,4458.8,3178.2,548.99,889.31,2473.7,2044.4,257.13,-407.42,157.45,465.1,110.08,-579.34,-1582.2,-2170,-964.23,1489.8,2567.2,1509.3,865.97,2155.5,2955.9,784.54,-2709.9,-4266.4,-3556.1,-2391.8,-1438.7,-608.46,-742.67,-1877.3,-1785.3,642.15,2749.9,2247,1363.1,2645.4,3477.3,485.36,-2927,-670.18
2475,4917,2464.7,-764.4,-487.9,-3.528,-3563.4,-7253.7,-4799.1,1104.8,2357,-1446.5,-2807.5,880.59,3651.5,1816.4,-171.81,1899.8,5072.5,4890.9,2080.8,-710.66,-3647.5,-6802.7,-7263.5,-3819.4,-451.06,-434.71,-831.57,2132.4,5878.1,5462.4,1871.5,103.73,925.98,920.89,-400.71,-144.82,1444.8,589.76,-2888.4,-4186,-1243.8,1645.8,661.77,-1877.9,-1962.2,-89.199,701.56,114.82,112.35,955.03,1151.7,325.47,-604.91,-1294.3,-1764.7,-1199.3,884.81,2916.1,2740.3,469.23,-1684.1,-2026.7,-611.53,1491.2,2871.4,2349.1,128.38,-2032.4,-2639.9,-1830.4,-415.5,1190.3,2299.7,1778.7,-186.53,-1563.3,-1123.3,-216.78,-385.13,-794.5,-30.247,997.1,402.85,-1333,-1901,-599.57,1020,1635.2,1177.9,-256.59,-2325.6,-3446.1,-2078.6,944.45,3248.2,3917.1,3774,3080.2,1322.9,-794.27,-1619.6,-1081.4,-746.27,-1170.4,-1372.9,-980.65,-547.02,141.54,1339.6,1145.7,-2392.4,-6637.5,-6053,-6.2657,5257.9,4805.5,1334,179.49,1503.3,1629.3,-223.17,-1229.2,-104.26,1176.7,865.91,-492.95,-1684.2,-2078.6,-1281.5,468.24,1849.8,2100.5,2254.1,2979.4,2646.5,-79.634,-3226.9,-3968,-2734.4,-1822.9,-1380.5,-347.19,101.24,-1610.1,-3260.7,-1381.7,2544.9,3706.5,1679.9,740.32,1994,1716.7,-885.57,-1202.4
3974,6024.3,2221.5,-2089,-1575.8,-112.23,-3251.9,-7367.1,-5390.9,548.07,2124,-1451.6,-2699.9,1117.4,4025.7,2274.2,339.56,2483.6,5721,5466.5,2282.9,-1145.6,-4577.5,-7666.7,-7695.8,-4149.1,-1198.6,-1352.6,-983.44,3124,7149.9,5898.6,1468.4,-149.45,1452.9,1777.9,-64.785,-612.01,597.64,-13.023,-2852.5,-3524.3,-390.75,2100.8,472.07,-2409.3,-2379.2,-294.64,472.92,-253.7,-186.86,985.24,1476.4,606.73,-704.56,-1768,-2165,-985.09,1756.9,3826,3044.4,247.16,-1825.2,-1894.5,-727.21,758.12,2013.1,2093.8,413.11,-1841.4,-2659.4,-1572.2,127.84,1269.1,1690.3,1548.5,970.01,291.39,-268.92,-937.05,-1684.9,-1801.3,-1000,-238.15,-421.38,-977.12,-761.75,263.51,1232.7,1515.2,771,-1099.4,-2995.3,-2843.3,-169.46,2747.4,3770.9,3574.6,3652.6,3308.3,1171.3,-1544.5,-2328.3,-1310.2,-917.54,-1875,-2489.4,-1827.5,-685.15,523.41,1733.4,1238.8,-2461.3,-6441.3,-5330.5,1007.3,6026,5073.7,1441.4,641.96,2231.9,1740.9,-1482.7,-3294,-1273.8,1888.2,2357.7,-184.72,-2834.9,-2924.8,-580.99,1611.2,1668.5,856.39,1818.7,3994.8,3662.1,-345.6,-4213,-4559.8,-2964.5,-2175.5,-1320.2,1042.9,2365.1,-100.73,-3348.6,-2449.3,1249.3,2216,93.721,-221.64,2131,2508.6,1.9637,-80.568
3856.2,4948.9,2365.6,-1437,-2790.7,-2243.8,-2454.7,-2905,-1361.8,865.35,314.02,-2398.9,-2939.6,-299.75,1656.3,931.35,628.88,3157.6,5691.2,4568,759.91,-2340.8,-3810.9,-4593.4,-4404.1,-2677.8,-830.33,-332.93,-23.229,1646.9,3265.9,2636.5,842.23,546.17,1360.2,818.82,-741.66,-537.83,1439.7,1942.8,15.89,-1196.2,190.01,1480.6,-145.24,-2983.3,-3514.3,-1609.9,-46.337,-100.45,-400.61,297.27,1379.3,1477.8,64.904,-1927.9,-2523.8,-539.54,2452.7,3280.5,1080.5,-1450.1,-1719.4,-392.2,572.41,1087.8,1937.2,2190.8,455.87,-2060.4,-2598.1,-819.15,871.56,1126.4,1179.1,1966.8,2214,669.33,-1589.9,-2600.2,-2097.3,-1325.1,-1052.7,-996.92,-790.93,-492.29,-192.2,210.04,691.85,830.04,96.072,-1308,-2053.6,-908.8,1395,2617.9,2018.4,1580.5,2952.3,4532.8,3645.3,632.75,-1724.2,-2378.2,-2797.6,-3580,-3307.8,-1469.9,306.86,928.12,1027.1,492.64,-1976.1,-5177.9,-4807.1,547.9,5807.5,5554.6,1539.3,-296.08,1221.9,1611,-1272.9,-3623.6,-1852.7,1834.4,2874.8,664.67,-1554.3,-1608.6,-419.48,379.65,624.09,1102.5,2071.7,2758.9,2129.8,147.65,-1925.3,-2884.9,-2837.4,-2418.2,-1523.3,-103.37,589.39,-493.77,-1924.8,-1380.9,658.45,1451.7,385.66,-213.36,725.4,1394.5,968.83,1513.9
3032.4,4139,2047.4,-1003.5,-2181.4,-2124.4,-2695.9,-3042.2,-1467.9,491.42,12.644,-1885.6,-1512.1,1307.9,2699.6,1169.5,143.14,2273.6,5061,4668.6,1151.3,-2690.4,-5192.8,-6009.4,-4709.4,-1982.2,-343.49,-857.61,-927.75,1757.9,4899,4657.2,1615.3,-266.32,180.58,457.16,-414.37,-322.62,1386.7,2065.5,326.89,-1222.1,-296.04,1073,-146.22,-2916.1,-3685,-1746.7,144.46,120.32,-603.48,-190.88,1163.7,1716.6,337.26,-2067.7,-2980.5,-752.07,2923.1,4250.8,1916.3,-1113,-1651.9,-356.74,298.05,258.47,1075.7,2029.9,816.55,-1949.9,-2715.9,-374.69,1820.8,1312.5,-18.797,525.59,1851.7,1154.2,-1235.5,-2476.5,-1816.6,-1250.4,-1703.6,-1700.7,-426.16,685.49,576.13,415.29,1228.3,1618.9,-39.22,-2395.9,-2528.9,-165.03,1859.7,1722.6,1014.5,1885.3,3537.7,3466.4,1327.9,-610.25,-917.46,-800.78,-1671,-2744.8,-2515.2,-1267.4,-322.5,262.3,1083.3,1088.5,-1339.3,-4705.2,-4812.5,-364.5,4334.5,4580.1,1372,-496.82,644.76,1722.3,340.29,-1543.9,-967.11,1399.2,2300,558.49,-1585.5,-1803.5,-527.49,294.17,164.22,455.63,1937.3,3120.4,2021.4,-951.92,-3198.6,-3149.2,-1919.1,-1155.7,-758.29,8.9942,513.68,-213.56,-1285.2,-970.56,472.72,1188.8,793.21,660.83,1069.5,765.49,-70.053,624.96
3154.4,6355.9,5405.1,2058.2,-798.27,-3469.9,-6438.5,-7040.6,-3637.4,-3.2585,-497.92,-3118.4,-2750.2,354.7,1447.2,-51.75,601.64,5038.2,8532.8,7379.9,3875.4,1082.3,-2050,-6527.4,-9049.6,-6787.3,-2879.2,-1929.1,-2643,-478.21,4112,5994.7,3479.2,466.64,-71.974,489.49,797.51,2217.6,4856.3,5354.7,1911.3,-1929.2,-2195.4,-609.9,-1674.2,-5221.7,-6427.7,-3221,570.91,948.68,-679.41,-242.13,2495.2,3368.6,-103.95,-4676,-5053.1,-467.71,4435.9,5264.2,2485.5,-410.34,-1472,-1206.9,-198.03,1625.8,3424.9,3526.5,1712.7,-324.56,-1368,-1783.2,-1765.2,-604.95,1273,1701.7,-201.42,-2239.5,-2254.2,-1377.8,-1882.4,-3166.6,-2716.9,-425.91,1060,504.89,-152.72,933.5,2714.2,3014,1562,-118.45,-919.09,-1010,-899.12,-543.87,519.82,2392.8,4206.5,4644.4,3355.3,1312.6,-639.49,-2665.1,-4610.9,-5144.1,-3682.1,-1858.1,-1054.7,73.434,2701.8,3829,-333.66,-6912.6,-7669.9,-15.031,8072.9,8015.7,1823.4,-1732.9,266.45,2237.8,-128.74,-3575.4,-3095.7,445.7,2131.4,121.37,-2561.3,-2676.5,-389.16,2064.1,3403.3,4046,4602.1,4593.2,2980.7,-292.37,-3793.8,-5802.4,-5613.1,-3678,-1365.8,-703.44,-2769.4,-5484.6,-4821,158.02,5183.1,5914.1,3502.6,2060.9,2164.4,1079,-1126.7,-755.29
2284,4937.8,3773.6,1131.5,-389.8,-1930.1,-4612.2,-5922.8,-3725.1,-690.49,-434.7,-1668.8,-769.41,1695.3,2090,420.74,592.89,3727.3,6198.2,5350,2638.6,-297.49,-4138.6,-8313.1,-9301.1,-5662.4,-1250.3,130.49,279.8,2830.9,6417.1,6440.7,2482.6,-976.96,-1244.3,-252.91,63.003,833.66,2831.6,3769.3,1812.4,-905.37,-1404.9,-638.83,-1747.1,-4504,-5193.2,-2371,633.87,555.74,-1056.4,-469.58,2236.1,2945.1,-409.06,-4307.7,-3924.7,651.83,4696.9,4765,2037.8,-419.41,-1370.9,-1235.7,-166.58,1688.2,2986.7,2295.8,166.71,-1454.6,-1690.5,-1128.1,-100.23,1525.3,2757.7,1809.6,-1188.9,-3565.7,-3350.9,-1768.6,-1215.2,-1902.3,-2080.1,-935.9,401.51,741.3,398.83,475.06,1310.7,2134,2032.2,999.42,-119.98,-705.84,-915.02,-790.01,421.44,2935.6,4972.3,4361.2,1595.3,-643.82,-1293.7,-1971.6,-3487.7,-4017.8,-2421.6,-693.51,-580.89,-307.53,1814,2703.2,-1559.1,-7878.5,-8087.3,-220.92,7511.4,7239.4,1622.7,-922.8,1773.3,3985.9,1667.5,-1965.2,-2095.4,621.51,1706.1,-538.51,-3252.5,-3421.9,-1442.9,455.55,1573.5,2909.1,4531,4663.4,2175.4,-1348.4,-3418.3,-3696.5,-3534.7,-3138.1,-1646.8,1.4269,-627.61,-3239.9,-3957.2,-707.32,3285.2,4094.3,2665.2,2297.3,2705.1,1152.8,-1548.2,-1355.1
-343.37,8584.6,12638,7847.4,-1084.7,-7957.3,-10643,-9861.4,-7099.3,-4561.5,-3612.3,-2586.7,787.98,4814.9,5425.1,2595.9,961.54,3083.6,6234.6,7094.1,5433.9,1755.7,-3942.1,-8915.7,-8465.3,-3324,-1036.9,-5271,-8673.3,-2825.5,8305.2,12663,6452.1,-1609.6,-2815.7,1948,6761,8187.1,5471.9,-996.78,-7763.1,-9410,-5388.7,-1887.5,-3193.3,-5170.3,-2004.5,4054.3,5730.4,1774.2,-1433,337.76,3517.4,2871.5,-1092.4,-3797.9,-2987.1,-415.59,1547.8,2325.7,2263.1,1341,-405.58,-1913.2,-1475.7,1419,4863.9,5881.9,3286,-1289.1,-5184,-6637.8,-5097,-1414.8,1715.6,1650.9,-659.71,-1194.8,1386.9,3048.8,182.75,-4282.1,-4611.7,-636.35,2440.2,2284.6,2164.7,4267.6,5537.6,3013.1,-943.99,-2493.1,-2245,-3150.6,-4630.6,-3450.8,324.21,2715.9,1688.2,-34.641,688.6,2947.6,3402.8,854.81,-2406.3,-3356.6,-1465.5,919.5,1400.1,422.08,248.6,986.74,-61.782,-3609.8,-5507.3,-1932.5,4038.3,5359.7,628.56,-3650.6,-2050.9,2474.7,3386.9,-64.053,-2441.8,-444.17,2414.6,936.49,-4370.5,-7474.2,-4048.8,3407.8,8627.5,8647.5,6043.8,4156.1,2567.5,-878,-5296.7,-7044,-4732.9,-1371.7,-732.85,-3341.7,-6604.7,-7351.4,-4050.6,1641.7,5438.4,4716,2247.8,2745.5,5538.6,4899.6,-747.64,-4626
-554.81,8573.7,12736,9245.7,1578.8,-6981.8,-13713,-14624,-8918.5,-2664.7,-1714.4,-3231.1,-759.59,4592.7,5891.6,2290.6,673.29,4517.9,9151.9,9965.5,7747.5,3535.3,-3844.6,-11629,-12725,-6559.4,-2547.6,-6187.5,-9109.9,-1664.2,10624,13921,6120.7,-1275.4,-584.16,3754.8,5630.8,5439.9,4338.4,-98.117,-7102.6,-9595.3,-4424,681.08,-2157.4,-8234.1,-6805.9,2426.2,8542.1,5199.4,-1201,-1857.2,2451.2,4234.1,351.93,-4680.2,-5381,-1506.7,2994.2,4842.7,3833.5,1375.4,-1444.3,-3575.8,-3168.3,814.22,6064.5,8139.8,5117.6,-506.31,-5167.8,-7396.8,-6858.8,-3249.5,1700,3887.5,1616.9,-1390.9,-1181.4,297.72,-1408.1,-5244.6,-5526.2,-853.33,3563.7,4019.1,3363.9,5112,7198,5696.9,1391.2,-1904.4,-3384.2,-4982,-6331.3,-4848.9,-944.21,1342.5,231.2,-861.83,1583.9,5686.4,6404.9,2180.9,-3123.9,-4979.4,-3014.6,-239,1311.5,2270.9,3100.6,1847.2,-2880.8,-7706.2,-6889.3,-98.976,5535,3891.5,-1934.6,-3634.6,1144,5993.6,4888,81.391,-1815.7,771.26,2553.7,-1044.8,-7371.5,-9378.3,-3999.6,4312.3,8970.9,8489.3,6517.2,5577,3825.3,-974.67,-6940.6,-9811.5,-7873.5,-3302.4,260.35,54.84,-3985.4,-7785.2,-5783,2095.7,8468.3,7307.7,2371,1586,4827.1,4446,-1670.4,-5505.5
-353.65,1993.9,3189.8,2145.6,395.81,-1253.9,-3220.7,-4489.8,-3032.2,450.97,2218.4,236.17,-2906.3,-3236,-122.83,3488.1,4677.5,3372.5,1916.5,2238.6,3360.4,2252.6,-2165.4,-6868.7,-8095,-6006.8,-3740.1,-2293.6,480.83,5102.8,8021.1,6171.5,1675.8,-780.54,25.057,1241.1,728.2,-467.52,-775.17,-667.02,-1324.8,-2354.6,-2309.8,-825.79,874.63,1411.8,538.76,-889.24,-1779.2,-1603.9,-577.26,707.32,1537.9,1127.6,-775.9,-2866.2,-2751.2,419.88,4243.3,5297.5,3044.8,165.43,-1104.5,-1312.6,-1746,-1808,-215.2,2065.2,2285.9,-346.11,-3131.7,-3036.5,-344.56,1945.2,1791.2,30.85,-1188,-784.47,630.53,1569.9,764.74,-1702.1,-3866.3,-3355.9,-133.08,3007.3,3567,2145.9,935.23,401.82,-554.42,-1707.5,-1457.9,-13.029,272.82,-1041.2,-997.25,1975.9,4427.1,2361.9,-2384.4,-4223.3,-1590.3,1519,2006,1309.2,1265.1,594.23,-1810.9,-3517,-2027.6,613.12,497.71,-2086.7,-3031.2,-530.19,2603.7,3200.1,1491.5,-228.08,-546.99,376.54,1535.4,1780.7,831.93,-298.47,-784.66,-1208.2,-1906.2,-1353.7,1338.2,3438.2,1662.1,-2138.6,-2642.4,879.45,2833.6,-316.09,-4438.2,-3907,320.08,3067.4,2592.1,1072.9,-590.06,-3080.7,-4564.4,-1918.5,3310.6,5356.3,2208.2,-1443,-1342.1,571.81,503.84,-869.99
-1113.3,1295.7,2589.4,2518.1,1999.6,389.79,-2690.7,-4733.4,-3175.4,265.29,1482.4,-359.73,-2109.2,-1346.1,948.86,2580.6,2700.6,1873.5,1256.4,1726.2,2524,1381.3,-2456.5,-6279.6,-7009,-5231.8,-3611.3,-2201.3,1202.1,6065.9,8305.3,5821.5,1746.3,165.97,935.84,1026.9,-617.3,-2102.7,-1853.7,-703.41,-443.42,-1460.6,-2263.8,-1172.8,1468.5,3081,1628.1,-1650.3,-3496.8,-2551.7,-500.09,730.37,976.38,574.51,-678.27,-2130.2,-1855.9,692.78,3198.4,3394.1,2076.8,1309.6,972.55,-469.08,-2533.2,-2761.2,-370.65,2291.4,2579.2,440.82,-1959.1,-2471.4,-659.63,1790.2,2366.5,347.86,-2062.3,-2163.8,-10.425,1826.7,1384.4,-949.14,-3383.7,-4111.6,-2164.5,1582.2,4417.9,4216.9,1739.9,-614.01,-1758.2,-2150.6,-1931.5,-953.44,-126.08,-323.18,-288.32,1692.2,4184,3830.9,575.42,-1702.9,-752.6,1167,1375.2,378.99,-505.89,-1742.7,-3233.8,-2666.7,519.78,2393.7,-281.75,-4356.8,-4227.5,-7.4246,2908.4,1816.7,-458.35,-903.13,-7.4927,854.7,1812.7,2801.9,2608.6,1016,-586.62,-1497.7,-2037.3,-1418.4,1318.9,3910,2627.1,-1482.8,-2794,436.54,2711,-351.34,-4917.9,-4745.1,-395.53,2621.1,2262.8,866.52,-588.54,-3077.4,-4958.3,-2846.6,2237.6,4961.7,3228,784.89,710.12,1087.4,-417.49,-2025.4
-718.01,1377.7,1425.8,-436.63,-1546.1,-889.4,38.515,163.69,71.376,172.88,-133.88,-944.01,-1263.8,-567.6,457.19,1171.4,1696.9,2038.6,1843.9,1358.3,1205.5,917.78,-690.21,-3231.5,-4645.5,-4077.1,-2907.2,-1958.2,28.013,3424.1,5503.5,3859.1,482.29,-694.8,499.46,655.8,-1390.7,-2607.6,-802.55,1686.2,1580.6,-393.77,-931.88,737.93,2006.8,939.2,-1273.2,-2432.3,-2071.2,-1169.2,-375.33,341.38,803.25,457.85,-724.1,-1731.1,-1333.3,538.14,2517.3,3163.4,2402.7,1217.9,163.81,-984.12,-2043.6,-2006.1,-498.09,1138.7,1204.2,-279.57,-1665.7,-1618.4,-266.78,1256.3,1699.6,502.81,-1384.3,-1837,162.66,2719.9,2772.4,-169.96,-3237.1,-3547.6,-1228.8,1429.4,2669.7,2250.2,747.95,-852.88,-1366.7,-455.14,595.97,185.24,-1407.4,-2065.2,-465.49,2029.8,2755.3,822.84,-1736.9,-2157,-23.61,2286.7,2418.8,699.35,-705.58,-823.27,-725.92,-1219.4,-1362.1,-362.42,491.24,-333.64,-1624.6,-644.08,2485.5,4023.8,1447.1,-2810.1,-4278.2,-2006,889.4,1750.1,1156.8,809.82,827.02,494.07,183.97,668.94,1229.6,423.4,-1303,-1724.8,-146.31,1210.6,328.65,-1596.9,-2006.5,-762.52,124.39,50.746,452.1,1550.1,1302.5,-999.99,-2597,-1014.4,1875.9,2392.3,508.1,-484.36,556.91,1073.4,-490.34,-1860.1
-1420.6,-490.81,-78.155,688.67,1917.8,1656.1,-721.02,-2373.1,-795.66,2026.5,2072.4,-1031.6,-3518.8,-2528.7,692.13,2980.9,2806.5,1069.6,-284.81,77.327,1621.5,2099.3,-78.786,-3596.9,-5516.5,-4747.4,-2733.9,-633.93,2025.3,5009.9,6001.3,3588.8,121.81,-953.72,119.3,26.471,-2230.6,-3582.5,-1694.2,1158.9,1327,-780.7,-1417.2,801.35,2885.3,1936,-825.15,-2143.7,-1227.3,-57.868,33.951,-162.37,139.28,184.92,-723.66,-1532.9,-783.29,1030.7,1939.7,1244.6,416.19,821.64,1656.5,1078.4,-1063.6,-2684.7,-1897.6,626.82,2274,1374.7,-972.48,-2212.2,-1231.9,504.35,825.78,-578.6,-1909.9,-1439.2,558.52,2196.1,1974.4,170.88,-1560.9,-1717.9,-170.09,1840.3,2786.9,2089.8,495.97,-654.42,-657.06,-103.58,-249.32,-1524.6,-2801.8,-2554.8,-758.8,938.45,1167.8,338.19,-252.42,-109.53,434.31,1259,2316.3,2723.3,1446.8,-871.17,-2137.6,-1437.9,-231.44,-167.22,-867.83,-936.42,-168.28,545.93,797.97,732.28,66.412,-1412.5,-2597.7,-1899.6,518.72,2648.9,2940.7,1577.3,-421.11,-1918.4,-1615.5,801.36,3172.8,2621.6,-488.3,-2508.8,-1501.3,81.234,-560.91,-2208.9,-1928.8,112.25,1400.9,1480.1,1897.3,2209.6,191.42,-3322.7,-3999.9,-294.79,3456.7,2936,-121.85,-1125.1,412.07,1078.9,-447.09,-1819.1
-538.42,1245.7,925.59,-85.375,-556.25,-1301.7,-2545.9,-2584.7,-676.08,1223.3,1234.5,121.29,-317.77,265.21,1106.6,1682.8,1797.4,1671.4,2309.7,4000.6,4446.4,1103.3,-4208.5,-6458.8,-4372.3,-2422.4,-3691.1,-4763.3,-1427.5,3895.4,5345.9,2304.7,-400.77,-270.28,214.6,-756.4,-1059.4,1110.7,3700.3,3952.3,2302,861.52,201.77,-306.13,-756.49,-1168,-2111.4,-3309.5,-3199.7,-1372.5,255.03,219.57,-369.73,-201.78,-213.36,-1424.7,-2222.8,-656.4,1936.4,2716.6,1872.1,1987.2,3236.5,2872.3,123.56,-1905.6,-823.68,1382.1,1421.6,-572.87,-1818.4,-1170.3,-191.18,-310.4,-1083.1,-1572.7,-1785.6,-1988.8,-1715.7,-473.34,1003.6,1259.2,123.31,-582.05,832.85,3368.9,4055,1612.3,-1693.1,-2763.6,-1362.2,182.1,348.83,-131.51,-120.4,357.61,845.34,1319.3,1579.2,901.03,-807.46,-2255.9,-2015,-159.27,1768.6,2095.2,288.2,-2419.8,-3683.2,-2294.8,107.76,720.7,-829.43,-1916.5,-412.33,2636.2,4553.2,3982.1,1522.5,-1259.8,-2554.6,-1375.7,1014.4,1937.2,503.96,-1352.3,-1897.1,-1702.6,-1443.4,-17.144,2821.2,4215.5,1855.4,-1733.3,-2312,-381.13,-287.68,-3041.8,-4569.9,-2163.8,1539.3,2886.7,1940.5,679.07,-338.77,-975.92,-13.831,2486.7,3684.2,1788.6,-684.56,-610.62,760.03,111.65,-2173.8,-2649.1
-985.92,-272.73,1189,1561.8,229.16,-1395.8,-1743,-1022.6,-382.34,93.88,921.77,1308.3,66.627,-1555.6,-852.25,1818.8,2782.4,883.45,-99.238,2268.5,4040.3,669.62,-4887.5,-5737.7,-1620.2,637.76,-2048.7,-4333.8,-1282,3881.7,5108.1,2333.2,30.716,-141.34,-129.44,-597.13,-213.34,768.38,582.6,-501.57,-528.07,354.15,212.67,-596.62,243.57,2219.3,1877,-1319.9,-3329,-1699.2,602.98,213.51,-1390.1,-1068.5,515.34,584.92,-660.22,-846.56,-37.596,-245.97,-901.36,718.2,4108.4,4948.2,1439.5,-2449.4,-2388.8,490.2,1901,510.27,-1279.4,-1591,-1101.9,-872.58,-709.14,-339.25,-322.61,-836.27,-897.33,99.963,986.19,258.18,-1412.7,-1481.7,1214.9,4465,4901,1925.2,-1610.1,-2825.4,-1895,-1019.7,-1206.9,-1393.7,-584.93,592.16,1016.8,714.7,474.71,416.2,-24.469,-758.52,-681.24,840.47,2630.4,2663.6,497.79,-1934.3,-2523,-1476.1,-680.68,-855.56,-794.13,242.79,1105.7,814.28,405,944.1,1092,-811.28,-3055.7,-2163.8,1631.6,3855.8,1919.1,-1309.8,-1979.5,-511.53,302.01,187.11,928.28,2291.9,2104.7,186.03,-1183.8,-1114.5,-1302.1,-2533.7,-2919,-1085.6,1241.6,1653.1,302.6,-953.99,-1194.4,-500.59,1246.3,3626.8,4639.6,2567.4,-1285.8,-3535.5,-2613.7,-367.3,549.16,-248.37
-473.07,8199.7,10446,4099.5,-3104.7,-5555.7,-5809.8,-7408.5,-8618.5,-6592.6,-2748.9,-181.87,1015.5,2469,3976.4,4249.9,3551.7,3222.7,3780.1,4868.7,5571.4,4063.5,-623.77,-5748.1,-7031.3,-4881,-4417.1,-7177.5,-7499.2,-1057.2,7171.6,8929.4,3996,-378.67,101.01,2862.8,4471.3,4492.9,2714.7,-1694,-6489.1,-6955.4,-2666.1,760.79,-539.66,-3128.5,-1931.3,1952.3,3376.6,1045.7,-1140,-191.76,2164.6,2459.6,-62.903,-2907.4,-3227.4,-729.82,2177,3200.3,2591.3,1781.2,582.69,-1833.7,-3618.6,-1518.1,3618.8,6299.5,3316.3,-2043.9,-4988.7,-5050.3,-4079.3,-1994.2,1397.6,3285.2,1420.1,-1267.6,-696.27,1396.2,193.16,-3540.9,-4038.6,-19.69,3156.8,2474.5,1757.6,4111.5,5963.1,3193.9,-1603.9,-3301.3,-2172.3,-2122.5,-3391.2,-2788.7,-124.47,1142.9,-159.4,-1066.4,546.19,2914.3,3437.2,1835.8,-662.91,-2794.9,-3229.5,-1396.3,1071.7,1779.2,665.93,-454.37,-1155.4,-2313.2,-2867.8,-441.04,3871.1,5235.5,1726.7,-2164.8,-1591.3,1798.2,2697.1,85.88,-1888.3,-766.9,576.42,-1293.4,-4822.8,-5301.3,-1228,3663.6,5203.5,3747.4,2787.3,3514.6,3190.8,-362.77,-4854.6,-6097.4,-3318.9,240.79,1381,-435.62,-3738.8,-5914.3,-4166.7,1347.2,5816.9,4817.5,860.46,400.48,3833.1,4305.5,-1066.7,-5046
563.07,6942.1,8591.9,3363,-2883.6,-5412.9,-5730.5,-6305.5,-6005.3,-3488.1,-632.97,533.8,981.16,1955,2204.6,821.3,52.102,2072,5114.2,5896.9,4080.9,1443.6,-1446.2,-4551.5,-6180.5,-5079.8,-3365.6,-3586.8,-3940.7,-700.49,4949.4,7190.8,3618,-1145.5,-1638.6,1930.2,5333.9,5694.1,3046.3,-1113.5,-4471.3,-4795.5,-2443.2,-679.86,-1581.4,-3028.9,-1929.4,922.07,1966.6,279.08,-1112.2,185.34,2461.8,2386,-460.12,-3096.1,-2827.9,-199.19,2097.4,2512.1,1884.9,1392.4,622.76,-1072.9,-2255.3,-645.92,3108.1,5146.6,2938.6,-1590.8,-4661.9,-4769.6,-2882.6,-271.46,1906.9,2249.3,643.34,-704.39,-8.0301,1134.1,-23.411,-2838.8,-3904.1,-2063.1,325.61,1569.3,2752.1,4411.1,4351.7,1136.9,-2646.4,-3448.6,-1635.4,-471.6,-1067,-1266.9,388.91,2326.3,2492.8,1315.4,730.66,1295,1623.8,474.41,-1618,-3059,-3019.7,-2011.6,-773.3,573.79,1733.2,1483.6,-856.71,-3448.8,-3204.6,340.08,3924.7,4315,1942.1,-323.7,-899.74,-532.53,-345.86,-450.38,-442.36,-219.25,-199.05,-1017.4,-2502.9,-2899.3,-486.29,3504.2,5452.8,3998.9,2040.1,2221.3,2664.8,159.07,-4085.1,-5690.3,-3517,-954.79,-690.54,-1863.2,-2911.1,-3521.5,-2875.3,191.53,3925.8,4460.5,1680.4,198.82,2095.6,3185.2,222.54,-2538.3
-2250.6,50.904,1885,1639.8,649.34,660.67,1155.2,546.24,-996.37,-1704.6,-981.65,-306.48,-897.9,-1779.8,-1102.2,1238.8,3225.6,2973.5,868.29,-878.76,-883.04,-356.06,-1400.7,-3661,-4298,-2123.4,185.73,27.762,-681.85,1672.8,5924,6757.3,2627.3,-1414.8,-1097.4,970.18,205.75,-2347.5,-2293.7,300.18,1062.1,-1113.6,-2344.3,-601.54,1021.4,-12.987,-1457.4,-729.9,431.29,-497.08,-1830.2,-537.09,2075.1,2101.5,-618.75,-2266.8,-887.28,1472.9,2659.5,2791.8,2210.8,482.4,-1592.6,-2018.4,-739.83,10.628,-520.23,-449.87,884.33,1144.5,-905.62,-2509.6,-924.85,1978.4,2303.2,-185.74,-2155.5,-1660.2,0.40667,1031.5,1015.1,43.074,-1559.8,-2423.5,-1166.6,1462.4,3247.2,3319.8,2520.6,1237.3,-798.75,-2589.9,-2434.3,-914.9,-616.4,-1975.7,-2258.5,-119.8,1730.6,761.38,-990.6,30.55,3070.4,3971.1,1460.5,-1122.1,-1024.2,260.59,127.24,-916.94,-582.63,1029.7,1297.3,-878.87,-3111.1,-2655.1,-232.82,819.84,-950.95,-3007.8,-2074.8,1485.1,4089.5,3538.3,1371.6,31.33,-437.59,-1249.8,-1882.2,-669.35,1938.1,3208.7,1818.7,-345.33,-1074.3,-761.47,-1019.5,-1763.3,-1521.5,3.4404,1475.2,1866.4,1327.8,113.5,-1776.4,-3486.2,-3372.9,-1137.2,1200,1636.7,796.88,822.37,1998.6,2192.3,139.85,-2259.7
-1517.4,661.31,1469.7,605.29,-278.36,-368.52,-437.45,-886.3,-986.83,-538.26,-498.89,-1148.3,-1223.1,67.692,1616.9,2167.4,2066.6,1986.4,1442.7,232.31,-265.97,612.55,732.05,-1852.7,-4967.7,-4712.7,-1222.4,1643.4,2289.4,2882.3,4126.8,3263.9,-548.31,-3305.3,-2029.7,186.46,-702.05,-2698.1,-1251.2,2360.8,2508.6,-1299.9,-3071.8,24.324,2959.6,1056.7,-2456.8,-1898.1,1685.5,2564.1,-322.24,-2069,0.51649,2293.9,986.44,-2058.8,-2377.1,546.43,3014.3,2497.3,495.2,-272.17,450.24,684.12,-669.78,-2241.4,-2102.7,-514.94,349.02,-511.31,-1444,-624.73,1080.8,1252.5,-582.37,-2253.4,-1820.7,300.32,2329.9,2930.7,1735.9,-575.78,-2244.3,-1722.4,403.44,1922.4,1897,1650.8,2190.3,2372.4,990.07,-851.51,-1402.6,-1286.5,-2505.4,-4722.7,-5024.8,-2053.1,1622.7,2553.7,638.69,-1067.5,-235.89,2263,3759.9,2791.9,378.06,-1303.7,-1074.2,446.06,1789.2,1864.7,361.05,-2138.8,-3963.5,-3245.2,-126.76,2493.5,1869,-1045.3,-2469.1,-530.83,2422.9,3046.3,1133.8,-777.83,-1027.2,-377.64,-128.83,-249.04,59.455,867.17,1335.5,749.86,-698.69,-2112.1,-2685.4,-2312.1,-1405.2,-226.42,1235.7,2568.1,2688.5,1034.4,-1162.6,-1699.9,87.145,2248.8,2349,414.75,-1094.7,-471.07,992.17,794.54,-1240,-2601
-3797,-2526.1,622.7,3149.8,3151.5,1199.8,-627.02,-1188.6,-883.96,-202.11,757.02,1202.1,62.625,-1712,-1336.9,1763.7,4042.6,2349.6,-1099.5,-1477.3,1460.5,2668.6,-845.71,-5573.5,-6623.3,-4388.8,-2725.9,-2219.6,347.15,5585.2,8875.6,6449.8,1118.9,-1383.2,-191.25,386.37,-1844.3,-3540,-1400.9,2263.9,2777.7,-41.449,-2033.9,-1137.2,182.43,-398.86,-1550.4,-1253,-372.46,-689.65,-1380.1,-459.14,1360.4,1342.9,-906.78,-2517.8,-1277,1676.1,3758,3833.1,2508.8,930.97,-48.536,-472.14,-1231.7,-2482.2,-2579.9,-337.52,2132,1474.5,-1725.4,-2890.3,127.81,3510.6,2617.5,-1610.9,-4195.4,-2640,878.82,3006.3,2273,-799.36,-4085.5,-4543.7,-949.37,3907.9,5785.8,3780.3,686.04,-1077.2,-1516.4,-1220.6,-327.88,210.02,-848.06,-2395.7,-1662.8,1297.8,2716.8,494.55,-2288.9,-1723.7,1369.7,3182.3,2493.7,1177.8,146.37,-1592.6,-3748.9,-3949.2,-1223.6,1997.7,2697.4,753.06,-1342.1,-1404.1,322.72,1471.7,91.916,-2618.6,-2996.5,523.17,4681.8,5150.2,2008.7,-1014.9,-1969.4,-2059.8,-1809.4,101.73,3040.8,3460.4,88.915,-3215.1,-2792.6,-631.94,-901.4,-3144.9,-3214,-34.515,2967.3,3358.2,2506.5,1924.6,628.7,-1905.7,-3255.2,-1241.4,2268.7,3479.6,1651.8,-436.06,-665.52,-53.506,-670.06,-2596.8
-7030,-1963.7,4669.2,5728.5,2247.4,-22.43,420.66,395.06,-1259.1,-1937.3,-554.36,110.29,-1713.9,-3058.3,-415.23,4278.1,5509.4,1885.5,-1573.9,-412.27,2759.7,1854.2,-3835.7,-8341.9,-7284,-3508.3,-1973.7,-2201.2,36.985,5085.7,8316.1,6961.6,3631.5,1599,459.84,-1311.3,-2744.1,-2151,-246.64,1129.5,1523.2,964.05,-1000.2,-2909,-1172.7,4051.7,5961.2,-487.95,-9415.7,-10059,-1663.6,4991.9,2608.9,-3377.2,-4297.1,-458.05,1989.1,1640.9,2128.2,4129.2,4323.8,2102.9,868.91,1586.6,807.5,-2757.6,-4779,-1746,2939,3376.2,-488.29,-3021.4,-786.45,3187.9,3622.7,-701.12,-5774.9,-6587.2,-2131.3,3391.5,4576.2,432.1,-4502.2,-5121.9,-1029.4,3847.9,5831.8,4330.7,892.19,-2571.9,-4330.9,-3355.1,-482.84,1690.2,1321.1,-328.26,-122.76,2882.7,5566,4213.3,-436.52,-3476.4,-1859.3,1753.3,2816.9,837.09,-1241.8,-2391.1,-4299.6,-6587.3,-5717.6,-860.54,3100.3,2036.1,-874.54,286.78,4725.8,5585,339.5,-4914.6,-3867.8,1586,4808.3,3397.8,621.09,-688.69,-1249.5,-1972.6,-1374.5,1575.6,4346.9,3378.9,-849.13,-3823.9,-2777.7,-433.89,-1145.4,-4442.4,-5236.6,-873.66,4890.1,6762.2,4394.5,1222.2,-1228.8,-3820.1,-5397.1,-3013.3,2246.1,4591.8,1515.7,-1795.3,-98.771,3386.2,1704.2,-4505.8
-2513.6,2389.8,5577.9,4083.4,774.06,-1408.4,-3467.3,-6386.7,-7539.8,-4503,423.67,3039.2,2772.2,2180.1,2305.3,1896.8,793.22,945.12,3422.9,6316,6383.8,2166.7,-4398.4,-9122.9,-9298.5,-6725.4,-5360.1,-5326.6,-2193,5653.1,12108,10097,1582.9,-4116.5,-2025.9,3254.6,5054.4,2721.7,-179.39,-1863.5,-2942.2,-3353.1,-2355.6,-746.22,-196.05,-693.22,-839.22,-372.39,-359.02,-980.17,-1013.4,159.65,1391.6,1102.9,-866.21,-2894.8,-2871.4,-262.67,2959.1,4265.6,3540.5,2736.7,2411.4,885.63,-2029.5,-3146.5,-239.56,3678.4,3636.5,-655.89,-4612.8,-4851.7,-2443.8,-124.49,719.91,-64.211,-1656.7,-1867.4,720.61,3639.2,2641.9,-2141.2,-5423.8,-3621.7,806.59,3828.9,5106.6,5821.2,4597.5,14.713,-4826.3,-5169.1,-1520.7,871.62,-244.97,-1341.4,660.4,3411.9,2861.3,-804.66,-3685,-3115,115.86,3413,4377.1,2048.6,-2055.5,-4643.7,-3806.8,-1100.8,537.91,246.66,-547.55,-557.82,240.4,1431.5,2485,2379.7,488.42,-1917.4,-2430.3,-318.61,2438,3430.5,2214.1,-90.122,-2462.5,-4121.8,-3801.8,-698.53,3562,5520.7,3610.5,305.61,-935.93,-235.6,-735.39,-3437.2,-5200.7,-3257.8,529.73,2231.4,1092.7,-548.67,-1449.1,-2145.5,-1891.4,1026.5,5118.8,5922.8,2312.8,-1138,-773.75,706.29,-829.94,-3599.3
-4535.2,1610.9,6622.2,5610.1,1218.2,-2248,-4162,-5288.9,-4809.2,-2285.3,371.62,1319,1265.2,1725.9,2412.6,2090.4,1000.7,906.39,2914.3,5776.1,6301,2103.5,-5189.6,-10464,-10480,-7678,-6297.9,-5742.2,-1502.7,6996.5,13538,12230,4787.3,-1719.4,-2712.5,370.67,3105.2,2626.8,-309.84,-2621,-2541.2,-1811.9,-2754.3,-3793.1,-1258.3,3825.6,5158.3,-128.13,-6199,-5931.2,-567.01,2815.6,1407.9,-1193.8,-2050.8,-2223.5,-2380,-594.64,3400.5,6205.4,5546.8,3498,2386,960.9,-2175.3,-4384.6,-2340.3,2130.8,3676.5,509.03,-3527,-4204.7,-1570.7,1144.7,1275,-1122.7,-3475.1,-2914.1,582.37,3537.8,2699.5,-1050.1,-3869.3,-3408.6,-426.74,3286.7,6247.7,6716.9,3499,-1800.3,-5322,-4928.2,-2334.9,-462.29,-22.021,288.58,1354.8,2596.9,2771.5,1110.5,-1730.6,-3454,-1853.4,2426.7,5665.7,4581,-261.03,-5109.5,-6652.3,-4518.7,-860.39,1700.5,1998.4,1004.1,687.96,1841.5,3051.2,2154.6,-1164.8,-4436.1,-4497.3,-904.95,3117.1,3969.1,1654,-874.55,-2105.8,-3164.4,-3872,-1224,5234.5,9672.3,6533.6,-794.27,-3751.7,-852.41,542.16,-3635,-7375.4,-4231.4,2364.9,4601.8,1737.1,-1010.3,-2016.4,-3754.6,-5075.2,-1612.7,5151.7,7479.7,2829.5,-1651.3,-188.98,2759,464.02,-4600.5
-1668.4,8165.1,12019,8086.3,1469.1,-5130,-11524,-14709,-11430,-4530.5,-125.27,567.59,977.34,2224.3,2455.9,2181.1,4073.3,7584.6,9404.6,9075.7,8457.6,6064.3,-1342.7,-11113,-15938,-14239,-11922,-11319,-6561.8,5231.4,15643,15050,6108,-329.04,466.31,4126.6,6228.6,6515.5,4649.6,-712.31,-7275.8,-9690.7,-6809.3,-3477.2,-3153.2,-3357.4,-946.56,2242.3,2469.9,96.98,-1013.4,1023,3828.2,3710.7,-367.1,-5409.8,-6660.8,-2229.7,4473.6,8161.8,7190.6,3928.4,483.94,-2797.9,-4617.6,-2521.4,2897.5,6715.5,4842.6,-1441.4,-7485.6,-9677.9,-7000.1,-1248.2,2901.1,1587.7,-2442.9,-1746.5,5177.3,9668.8,4179.4,-6112.9,-9584.5,-3814.2,2739.1,4353.9,4800.7,7906.5,9328.9,3561.6,-5910.5,-10317,-7373.9,-3116.1,-2328.2,-2792.9,-559.8,3479,5170.3,3045.5,-58.896,-733.36,1442.2,4003.3,4121.4,926.86,-3779.1,-6661.4,-5247.4,-150.56,4733.6,5005.1,-73.918,-5988.8,-6619.1,-452.68,7152.1,8908.8,3140.5,-4294,-6288.6,-2229.4,1906.1,1342,-1876,-3012.3,-2183.1,-3305.6,-5756.1,-3104,6686.2,15123,13100,3668.3,-2143,-792.64,533.13,-3163.1,-7062.1,-5391.1,-672.38,1143,-741.31,-3774.8,-7472.2,-10781,-8639.9,1162.1,10958,11453,5066.5,2104.6,4565.9,4034.2,-2795.8,-7169.8
-2985.2,4586.6,8617.8,6127.8,1021.9,-3151.3,-6513,-9110.8,-9024.4,-5570,-1012.5,2220.3,3769.3,4145.7,3499,2294.3,1516.9,1684.7,2775.7,4706.8,6330,4894.3,-956.53,-8069.3,-11481,-10232,-7574.2,-5268.5,-1337.2,5117.8,10328,9897.4,4629.6,-244.67,-830.2,2146.5,4996.5,4522.6,471.07,-4267.2,-6363.3,-5466.2,-3962.8,-3169.9,-1767.6,1051.3,3197.3,2425.3,-166.85,-1573.9,-758.17,861.65,1792.9,1408.2,-476.63,-2864.8,-3305,-578.7,3069.2,4544.7,3857.1,2983.4,1872.8,-973.1,-4211.3,-3951.8,523.49,4639.6,3925.4,-789.73,-5096.5,-5852,-3019.7,1098.1,3008.2,708.02,-3122,-3029.2,2063.2,6212.2,3805.7,-2751.8,-6333.2,-4373.8,-536.35,2080.5,4318,6654.4,6428.5,2148,-2812.9,-4233,-2767.5,-2266.2,-3532.3,-3370.9,-23.645,3695.9,4078.7,1256.9,-1424.7,-1595.4,217.09,2164.8,2846.3,1559.4,-1459.7,-4312.2,-4291.3,-816.89,3036.7,3324.9,-358.23,-4225.7,-4261.6,-209.44,4366.9,5365.2,1808.7,-2878.3,-3754.3,211.97,4334.5,3771,-47.925,-1830.2,-850.69,-1890.2,-6110.1,-6916.2,290.61,8979.1,9214.8,2039.4,-2104,867.47,3354.7,-878.9,-6704.7,-6099.3,-323.06,3126.7,1611.2,-1502.7,-4004.1,-6027,-5616,-423.37,6205.4,7730.2,3912.6,1279.1,2576.5,2658.2,-1964.9,-5999.7
2942.8,4144,2248.1,251.75,31.949,-1137.2,-4772.2,-6621,-3094.5,1560.4,972.35,-2992.6,-2988.2,1680.7,3853.1,548.4,-1981.2,1365.5,6256,6107.1,1920.3,-1035.6,-2068.1,-3889.7,-5483,-3379.6,977.74,2180.2,-416.46,-1379,1821.7,4485.9,2194.8,-2266.7,-3275.3,-229.98,2861.7,3384.5,1970,-245.63,-2687.8,-4141.1,-3383.5,-1128.3,633.71,1132.3,1098.1,988.13,635.04,327.24,551.47,841.59,391.28,-418.27,-609.25,-423.58,-843.2,-1464.6,-799.15,1034.5,1886.6,650.26,-894.4,-524.52,1317.7,2289,1432.5,224.1,213.62,791.29,121.16,-2086.1,-3781.4,-3094.2,-911.76,279.64,-70.156,46.109,1632.9,2506.3,512.66,-2512.2,-2721.2,209.86,2485.3,1732,282.53,1265.2,3666.6,3806.7,662.28,-2861.4,-3930.9,-2882.6,-1703.1,-1083.5,-234.32,1107.8,1833.9,927.57,-901.83,-1752.3,-751.99,851.12,1292.1,536.55,132.65,1001.6,2312.6,2623.2,1255.5,-1496.9,-4401.3,-5374.6,-3036.1,1123.9,3533.6,2541.4,395.41,5.4272,1032.3,982.14,-753.58,-2181.5,-1818.2,-381.01,911.69,1822,2230.6,1491.5,-291.13,-1533.9,-919.25,765.53,1537.2,637.93,-763.15,-1219.6,-716.07,-429.96,-983.86,-1495.2,-916.79,86.207,-105.97,-1277,-1156.6,998.72,2592.3,1388.2,-770.11,-725.68,912.42,1059.4,-220.83,273.05
-2200.9,3502.3,6597.4,8772.1,8130.8,-505.82,-13813,-19418,-12061,-1378.3,2042.2,300.95,1253.1,5164.4,6650.5,5047.5,4225.1,4785.6,4183.5,2783.4,2640.1,1723.1,-3384.5,-9784.3,-10625,-5423.6,-932.7,-601.08,-148.72,4072.5,8673.4,8663,4394.9,-414.27,-3608.6,-4337,-1777.8,2227.5,2619.1,-2736,-8772.2,-8988.3,-3616.1,1665.2,3497.2,3320.5,3089.1,2710.9,2008.7,1792.4,2085.9,1693.4,291.73,-893.39,-1049.9,-809.85,-845.05,-868.13,-541.23,-217.02,-227.51,-241.03,234.64,1125,1774.8,1555.7,630.77,-83.304,-326.38,-1354.5,-3875.1,-5557.3,-3344.9,1207.2,2426.6,-1536.9,-4739.9,-1169.1,6093.7,8424,3441.3,-2168.9,-2386.5,775.85,2113.9,1199.6,1484.4,3625.2,4067.9,465.98,-4600.7,-6689.8,-4823,-2214.9,-1851.1,-2721.9,-1625.5,1877.1,4438.3,3579.5,1132.7,209.19,711.01,536.77,-300.13,-135.64,693.73,392.26,-553.07,-193.28,473.62,-1445.4,-4770.2,-4575.7,-71.13,3260.5,2056,197.9,1770.4,4133.2,3168.8,877.1,1340.1,2552.8,-362.32,-5706.5,-6755.9,-2469.7,931.12,130.93,-769.82,1701.7,4322.2,2837.2,-1221.4,-3371.3,-2415.3,-443.17,777.26,724.86,-318.21,-865.56,235.16,1133.4,-676.16,-2996.3,-1091.6,3681.5,4093.1,-1261.3,-3935.9,1479.6,7587.9,4869.5,-3527.5,-6765.2
-3435.4,-73.622,1415.1,1087.1,1315.1,1174.1,-1381.4,-3874.5,-2221.6,1830.2,2732.5,188.23,-702.9,1289.5,1552.1,-1412.5,-2624,611.71,3711.7,2893.4,1536,2984.2,3231.9,-2115,-8471.3,-8078.9,-2095.4,1573.8,803.29,879.28,3807.6,4850.1,1533.3,-1812.7,-1583.8,-228.59,-490.33,-447.21,1474.4,2073.5,-962.23,-3576.1,-1281.4,2916.8,2746.7,-1447.5,-3474.1,-1046,1550.5,1031.6,-425.23,-88.986,748.2,-149.02,-1731.3,-1580.6,70.619,1094.8,1051,1401.6,2495.4,2584.8,485.7,-2160.6,-2469,27.542,2384.9,1653.1,-1410.1,-3397.3,-2753.2,-1219.8,-425.19,384.85,1751.7,1820.6,-564.16,-2657.3,-1201.7,2225,3134.3,864.38,-800.22,17.643,794.7,-240.46,-876.22,684.26,1996.4,357.31,-2234.4,-2011.8,482.25,1351.9,-404.87,-1622.4,-234.9,1702.5,1443.5,-589.62,-1934.4,-1427,82.387,1400.5,2028.7,1808.7,553.58,-1512.1,-3154.5,-2718.7,-126.5,2108.8,1373.3,-1373.2,-2333.5,-90.707,2157.1,1317.7,-803.33,-259.11,2857.6,4416.8,2231.3,-1215.5,-2658.9,-1922.9,-839.41,-464.34,-638.02,-804.02,-273.33,1147.1,2238.2,1384.3,-1102,-3092.7,-3367.2,-2630.1,-1569.2,148.73,2327.9,3570,3008.1,1288.4,-575.68,-1754.3,-1095.7,1586.8,3695.4,2317.8,-1054.6,-1837.6,658.44,1730,-1273.3,-4439.3
-2310.9,1950.2,3202.1,1954.4,1115.2,81.696,-2925.7,-5558.6,-4239,-634.75,605.13,-496.53,88.146,2553.5,2690.1,-126.53,-1037.9,2185,5274.6,4560.4,2256.2,1162.2,-497.18,-4442.2,-7301.5,-5570.5,-1948.9,-1068,-1793.8,194.91,4216.1,5361.3,2589.7,-70.695,-315.62,195.43,623.57,2103.5,3277,740.44,-4239.8,-5415,-832.85,3129.7,945.09,-3727.4,-3889.3,330.65,2894.6,1445.7,-324.67,396.62,1625,764.62,-1322.3,-2257,-1517.3,-163.95,1110.3,2175.3,2605.7,1742,-412.92,-2516.5,-2373.8,838.94,4540.4,4591,246.84,-4401.3,-5355.3,-3191.8,-800.17,1015.8,2708.1,2852.2,-11.8,-3374.3,-3059.8,476.35,2537.5,1351.1,204.15,1181.4,1699.6,-193.9,-1672.4,-39.775,1942.4,296.12,-3197.9,-3427.2,-47.533,2139.2,880.47,-539.11,721.64,2557,1823.3,-533.23,-1290,57.943,1136.8,673.2,-99.491,-102.6,-247.46,-1633.3,-3202.5,-2678.3,142.46,2245.7,674.23,-3317.5,-4932.6,-1488.7,3882.1,5798.5,3204.1,285.75,678.23,2927.6,2983.2,-217.74,-3517.2,-3681.2,-1240.9,562.82,-26.7,-1327.4,-833.96,1223.3,2296,1225.7,-319.15,-745.13,-935.15,-2216.7,-3473.6,-2502.4,481.34,2853.9,2836,966.41,-1223.1,-2184.3,-718.99,2383.8,3821.9,1608.9,-1292.3,-606.04,2447.1,2409.9,-1816.6,-4691.7
-612.98,2082.5,1356.2,1272,2403.6,-24.843,-6170.6,-8577.3,-3392,2928,3413.1,552.29,237.08,1536,185.91,-1994.4,121.14,5049.4,6331.8,3368.4,1902.8,3074.4,936.97,-6458.8,-11863,-9271.2,-2749.1,693.71,1414.2,3889.8,7394.2,7207.5,3046.9,-567.29,-1640.7,-2226.1,-2765.2,-1122.3,1746.1,1192.5,-3598.4,-6587.6,-2967.6,3491.7,5365,1528.2,-2176.2,-1420.4,1608.8,2476.9,583.29,-1068.4,-676.37,173.16,-581.59,-2106.7,-1769.5,878.42,3193.4,3124,1839.2,1188.5,473.71,-1655.8,-3456.6,-1877.7,2029.7,3380.9,234.38,-3485.7,-3757.1,-1868.4,-1330.7,-2145.7,-1715.6,282.32,1733.4,1980.8,2250.2,2480.3,1353.3,-280.42,295.7,2967.9,3948.2,1387.3,-1369.5,-718.14,1534.3,778.85,-3472,-6779.9,-5801.4,-2059.5,983.38,2082.6,2093.4,1578.2,454.68,-719.05,-883.97,15.628,863.69,988.78,982.93,1430.5,1733.4,1149.5,389.47,733.82,1560.2,520.52,-2858.2,-5378.8,-3923.9,-109.45,1402,-616.57,-2015.2,717.83,4970.4,5338.2,1238.5,-2248.6,-1559.1,634.21,-128.53,-3270.2,-4041.7,-560.86,3491.1,4203.1,2439.8,1253.9,640.73,-1580.7,-4638.2,-4847.1,-1499.4,1395.6,1183,443.92,1724.3,2259.6,-1136,-4814.9,-2547.4,3929.6,6076.7,1436.5,-2310.6,445.76,4329.6,2049.8,-3629,-4676.9
-2082.9,1476.8,2089.6,1628.3,1971.8,660.21,-3686.4,-6604.6,-3933.8,900.96,1768.4,-614.01,-621.43,2261.7,2751.7,-508.37,-1881.4,2171.4,7156.7,7300.4,3305.1,-640.27,-3461.3,-6238.2,-7799.7,-6221.6,-2881,-557.79,1093.7,3935.3,6502.8,5450,1336.4,-1586.4,-1440.4,-287.08,500.69,1713.4,2425.2,-161.3,-4990.5,-6272.7,-1614.5,3238.2,2055.6,-2765.2,-3825.8,496.07,4437.4,3722.8,757.89,-350.44,368.25,330.22,-1043.7,-2105.7,-1872.2,-847.03,416.71,1789.1,2709.4,2169,-23.884,-2408.7,-2737.5,-139.23,3397.8,4441,1773.8,-2018.2,-3616,-2793.1,-1703.7,-1252.7,-518.46,495.29,345.7,-986.94,-1379.2,143.06,1809.1,2159.5,2169.9,2519,1499.2,-1579.6,-3392,-841.18,3270.6,3287.6,-1052.2,-4102.2,-2624.2,160.24,595.93,45.048,1128.1,2350,855.77,-1887.5,-1987.3,445.16,1586.3,420.07,43.838,1559.2,1600.3,-1656.7,-4315.8,-2312.1,1862,2396.1,-1406.8,-4447.9,-3304.4,-136.89,1669.3,2015,2532.8,3401.7,3799.4,3526.7,2337.1,-476.46,-3926.2,-4731.8,-1448.6,2332.8,1959.6,-1899.5,-4063.9,-1932.4,1519.2,2527,1221.4,-43.711,-560.66,-1297.9,-2444.9,-2911.6,-1799.4,636.68,2898.7,2907.2,225.38,-2156.7,-637.1,3587.8,4992.7,1413.5,-2176,-829.29,2638,1941.9,-2709.1,-4934.9
-1670.7,-1373,-1219.6,-559.04,947.85,1990.1,1360.6,163.82,316.28,1418.7,1317.7,-359.17,-1549,-1034.5,-155.73,-320,-714.74,131.86,1827.4,2603.5,1622.9,-290.1,-1759.7,-1976.7,-1204.6,-631.99,-1120,-1868.1,-1255.8,763.7,2356.9,2329.2,1516.1,989.95,472.23,-430.4,-964.39,-582.06,-202.75,-630,-985.4,-321.6,504.79,406.27,188.29,920.65,1444.3,151.92,-1696.8,-1500.6,339.48,910.79,-389.66,-1041.4,23.24,647.35,-468.85,-1371.8,-416.13,887.94,848.05,548.19,1229.8,1406.8,-275.2,-1678.1,-339.8,1845.9,1235.9,-1480.3,-2256.2,-290.56,1005.9,53.733,-598.42,597.79,1249.9,-380.83,-1736.8,-177.1,2145.3,1404.7,-1786,-3256.9,-1405.4,1146.8,1884.7,1192.8,393.06,-258.19,-741.92,-570.56,104.54,283.37,-160.01,23.708,1374.1,2414.3,1478.9,-970.46,-2776.3,-2375.9,-127.07,2164.4,2672.5,1051.4,-1154.7,-2062.8,-1510.6,-930.55,-1179.3,-1514.2,-1027.5,-4.5899,803.67,1343.7,1845.7,1947.1,1221,200.1,-84.467,493.63,971.55,577.32,-381.01,-1031.9,-960,-534.71,-396.3,-725.08,-1036.8,-765.58,22.015,698.15,793.3,359.8,-294.19,-835.38,-914.32,-434.1,158.29,326.45,193.19,310.49,729.47,981.17,973.23,1064,1155.6,687.9,-208.29,-613.27,-300.38,-223.92,-942.28,-1673
3591.7,2989.1,1095.7,50.979,-926.61,-3661.8,-6447.5,-5446.7,-740.91,2905.8,2398.2,111.82,-286.71,1084.9,1745.1,1207.3,1139.7,2159,2950.9,2404.3,807.66,-1075.5,-2747.6,-3747.9,-3742.7,-2907.9,-1601.1,69.733,1784.4,2704.8,2401.5,1521.2,772.39,-34.821,-1064.2,-1485.4,-662.65,477.83,691.26,340.32,495.8,757.48,-105.11,-1667.7,-2114.3,-1031.9,125.85,577.11,1038.9,1584.8,1077.2,-340.64,-624.3,848.17,1640.9,-55.475,-2165.5,-1729.8,418.87,1030.2,-397.2,-1151.8,68.868,1383.6,1285.6,866.61,1068.9,478.55,-1959.2,-4098.9,-3165.6,-37.93,1753.5,935.67,-179.87,474.91,1971.7,2396.2,1637.1,715.52,-266.74,-1692.3,-2672.8,-1731.3,667.34,2052.3,1138,-330.59,-99.199,1245.2,1088,-1333.3,-3632.1,-3367.8,-1031.3,1023.1,1608.4,1441.4,1432.7,1596.8,1587.6,1196.3,215.34,-1256.5,-2295.3,-1924,-565.26,296.09,163.65,79.883,642.48,783.22,-404.36,-1664.9,-971.92,1424.9,2912.4,1787.8,-565.3,-1469.6,-245.86,1133.9,616.23,-1378.6,-2467.5,-1267.9,812.09,1326.8,-61.533,-1213.4,-405.71,1502.7,2376.1,1365.4,-616.83,-2229.7,-2585.9,-1425.6,546.7,1872,1781.2,1031.4,546.74,31.859,-937.8,-1417,-436.93,830.71,427.18,-1150.3,-1483.9,-144.12,648.23,-31.394,-100.73,1799.5
-4350.6,-950.14,1382.7,1545.2,1758.5,1681.5,-686.37,-3205.4,-1609.2,2653.2,3500.4,-35.271,-2179.6,-248.45,1177.9,-987.52,-2448.1,897.46,5416.5,5458,1982.7,-495.62,-1834.7,-4641.7,-7399.9,-6085.8,-1527.1,1266.7,963.44,1237.7,3751.6,5326.5,3529,451.98,-932.7,-624.64,-124.53,-28.351,-450.07,-1397.2,-1867.2,-845.45,550.11,489.43,-232.95,480.78,1686,493.71,-2290.9,-2446,656.97,2387.2,255.17,-2072.1,-1180.3,479.78,-510.05,-2163.6,-626.73,2864.7,3861.6,1731.2,-205.25,-409.09,-224.31,-2.4741,1151.9,1997.7,110.86,-3455.9,-4672.3,-2292.6,695.43,1913.4,1995.8,1490.3,-443.92,-2879.6,-2693.4,675.77,3466.7,2763.4,365.07,-690.44,-446.44,-337.69,-13.313,1113.8,1401.9,-645.38,-3129,-3071.5,-877.57,575.5,500.82,759.87,2092.7,2733.6,1296,-1124.7,-2415.3,-1646.6,501.45,2454.9,2824,1564.2,-135.52,-1518.1,-2849,-3793.2,-2938.1,-313.14,1463.2,659.59,-574.76,617.92,2945.6,2644.8,-448.94,-2158.5,24.27,3314.5,3485,178.54,-3193.8,-3596.4,-1241.4,1052.6,914.02,-818.23,-963.32,1563.6,3572.8,1783.6,-2190.8,-3951.6,-2537.4,-993.75,-907.03,-369.22,1770,3428.5,2672.3,489.53,-1334.6,-2250,-1652.5,1100.4,3951.4,3195.6,-740.02,-2607.7,-61.275,2230.3,-160.49,-4220.6
754.29,709.86,-78.645,-553.75,-236.07,-84.582,-606,-784.89,10.953,685.15,290.96,-238.33,226.63,902.56,421.19,-727.11,-926.64,13.655,790.05,698.16,204.93,-301.38,-845.18,-1112.2,-724.36,-135.56,-42.154,-129.48,343.84,1016,880.1,75.291,-273.04,54.027,166.36,-164.54,-112.33,513.11,707.89,-15.302,-663.22,-242.63,756.15,1047.2,105.24,-1353.4,-1988.8,-995.56,771.96,1296.7,-33.129,-1129.3,-48.079,1714.6,1189,-1221.2,-1984.9,16.906,1650.7,643.64,-887.33,-409.69,647.77,-142.76,-1323.2,127.54,2919.8,2594.4,-1388.7,-4165.4,-2347.5,1376.5,2580,1092.3,30.219,736.2,1461.2,447.97,-1806.4,-3365.8,-2754.5,-205.98,2271.7,2552.9,714.53,-963.35,-838.96,209.03,471.21,-128.87,-452.9,-214.78,-192.79,-626.27,-661.59,373.08,1831.6,2220.7,783.93,-1341.6,-1948.7,-366.72,1282.2,699.04,-1158.6,-1268,797.51,2042.4,793.03,-646.43,-40.669,813.64,-780.43,-3373,-3275.3,-520.01,1168.5,369.67,-125.48,1605.3,3349,2492.5,115.01,-1008.5,-468.77,44.324,-316.98,-978.52,-1366.6,-1188.8,-109.25,1419.8,1887.8,618.94,-1015.5,-1533.3,-1308.1,-1192.2,-581.77,1199.3,2758.1,2211.4,237.65,-777.16,-294.21,-4.9462,-748.02,-1388.6,-1077.8,-487.74,-226.12,107.77,655.11,766.55,371.5,319.15
-2160.9,429.69,2385.1,2938.2,2382.1,87.209,-3568.7,-5277.9,-2600.3,1630.8,2667.1,606.51,-519.25,338.01,353.78,-1008,-566.42,2408.3,4029,2210.7,168.93,344.7,-218.85,-4113.1,-7529.2,-5498.5,-189.22,2039.9,278.57,-273.78,2972.8,6274.5,5584.4,1788.3,-1588.5,-2527.7,-1160,937.24,1280.5,-1115.5,-3580.3,-2794.6,141.85,1093.9,-623.03,-1354.4,510.92,1864.1,461.21,-1178.1,-260.37,1571.9,1332.6,-428.45,-1248.8,-903.4,-579.44,63.863,1641.9,2566.6,1197.5,-944.42,-1332.3,-425.36,-229.61,-356.57,757.52,1896.7,516.16,-2396.4,-3156.4,-1117.7,524.36,80.496,-519.73,204.16,995.06,899.12,1001.5,1662.9,1401,75.816,-179.11,1071.4,1164.8,-946.21,-2171.6,-330.96,1591.6,-141.52,-3957.5,-5295,-3153.4,-298.61,1753.4,3725.4,5094.2,3873.2,409.43,-2079.9,-1716.9,-70.491,694.45,400.92,-137.32,-555.66,-584.01,25.241,665.5,445.91,-288.67,-577.97,-704.73,-1454.3,-1945.7,-779.55,881.1,529.28,-1129.8,-489.81,2970.3,4814.3,2000.7,-2239.2,-3007.6,-694.28,372.17,-1251.5,-2561.3,-1137.9,1685.3,3331.5,3057.9,1578.8,-429.11,-2285,-2979.9,-1989.5,40.441,1903.7,2795.6,2544.1,1329.4,-550.01,-2628.6,-3997.2,-3544.6,-1258.9,1033,1505.7,839.28,1194.8,2548.8,2342.1,-347.22,-2749.7
656.28,2147.8,2575.9,1874.7,320.89,-2199.1,-4311.9,-3628.3,-736.82,529.08,-1096.2,-1787.5,1113.7,3952.8,2187.8,-1902.2,-2275.6,1646.2,4448.8,3084.5,219.94,-1385.7,-2463.9,-3605.5,-3026.9,-431.35,1109.8,-27.663,-1011.6,596.54,2435.4,1386.5,-953.44,-991.07,900.57,1560.7,704.28,813.85,2029.7,1737.6,-534.23,-2066.6,-1620.6,-1246.1,-2125.6,-2271.7,-292.56,1704.8,1414.6,55.538,104.93,1151.9,910.5,-714.93,-1491.6,-527.11,520.25,305.14,-240.79,248.98,1225.3,1014.4,-588.01,-1732,-795.54,1443.1,2638.8,1732.3,42.653,-839.85,-1128.2,-1759.6,-2254.9,-1421.6,260.68,1044.2,727.04,808.27,1413.5,663.17,-1699.7,-2704.1,-340.73,2761.6,2711.5,71.696,-1041.8,825.44,2450.7,809.38,-2797.4,-4868.2,-4032.5,-1681.4,498.72,1996.4,2903.8,3167,2662.4,1585.4,498.95,-190.96,-793.11,-1786.5,-2511.8,-1505.5,1030.2,2410.6,770.75,-1876.1,-2140.2,-175.36,700.44,-717.78,-1837.8,-792.36,595.67,338.74,-20.402,1840.1,4410.8,3901.6,-141.86,-3840.8,-3931.8,-1306.5,1009.2,1457.5,602.79,-379.65,-736.17,-318.83,426.1,795.23,439.88,-379.4,-981.19,-648,656.4,1781,1432.8,48.669,-550.79,62.505,84.327,-1471.5,-2702.2,-1700.9,125.3,209.36,-894.23,-499.16,1504,2350.4,1029.3,-129.8
1657.4,9459.5,13364,8245.7,-1911.5,-10509,-14122,-11758,-4897.1,781.51,33.45,-4201.9,-3858.2,2090,5652.4,2543.9,-840.63,2209,8252.5,9669.9,5661.9,729.57,-3353.2,-7018.4,-7999.5,-4548,-1069.9,-2739.9,-6075.6,-3109.7,5399.4,9557.6,4672.2,-2007.5,-2021.5,3527,7844,7592.3,3873.3,-1489.7,-6154.6,-7120.1,-4594.8,-3208.8,-5480.3,-6974.5,-2519.4,5075.3,7884,3710.4,-1147,-814.7,2801.5,3709.3,92.236,-3891.3,-3810.2,-254.75,2414.9,1655.6,-618.67,-1499.2,-1161.3,-1291.1,-953.97,2227.3,6858.8,7929.1,3500.9,-2460.6,-5625.3,-5910,-4612.8,-1370.5,2843.1,4058.4,996.37,-1462.1,421.74,2256,-1720.6,-8009.8,-8054.3,-1668.9,2643.7,1371.9,731,4901.8,8441.1,5709,521.29,-511.45,1074,-904.36,-6048.5,-7647,-3258,2094.6,3923.7,3517.3,3603.3,3619,1733.2,-1539.2,-4014.4,-4424.1,-3024.9,-900.54,663.27,1090.1,860.34,227.48,-1386,-3391.3,-3120.6,591.14,4299.6,3682.9,-300.55,-2455.8,-439.6,2715.8,3605.9,2536.1,1460.6,719.79,-655.79,-3188.5,-6320.1,-8069.9,-5632.7,1310.4,8287.3,10162,7468.5,5057.4,4411.6,1922.6,-3973,-8864.7,-8395.8,-4425.6,-1971.2,-2802.2,-4886.5,-5635.8,-3243.4,2383.7,7621.5,7345,1912.6,-1794.5,310.57,3435.7,1876.9,-1146.6
-799.72,9492.9,15879,10536,-1378.7,-10499,-13579,-12125,-7608.8,-2412.7,-319.21,-1691.3,-2130.7,652.17,3059.5,2235.7,1490.6,4421.1,8152.3,7900.5,4432.6,1245.5,-1975.2,-6559.4,-8978.6,-5571.4,-747.72,-1653.9,-5692.6,-3161.6,6617.7,12061,6030,-3346.7,-4443.1,2501.4,8523.5,8686.8,4429.4,-2278.8,-9243.9,-11587,-6993.3,-1573.1,-2588.6,-6648.9,-3928.9,5775,11029,5651.9,-1783.6,-1070.6,4662.9,5109.6,-1038.7,-5262.9,-2901.3,1179.1,1706.7,208.69,-8.9316,-128.19,-2451.7,-4587.6,-2183.4,4040.3,8499,7686.7,3191.8,-2181.8,-7217.7,-10085,-7599.6,59.255,6639.7,6095.9,611.32,-2000.5,872.81,3143.4,-619.01,-6778,-7750.9,-2727.9,2080.1,3077.3,3379.3,5920.8,7842.9,5318.8,269.52,-2379.1,-2260.5,-3436.4,-6945.4,-8380.3,-4523,1527.9,4678,4604.1,4692.9,5676.9,4493,-83.592,-4457.4,-4901.6,-2584.2,-1129.6,-952.59,358.75,2584.3,2070.3,-2265.3,-5895.6,-4438,192.39,2779.2,2133.2,1517,2664.2,3651.7,2960.6,1625.9,458.91,-1172.6,-2731.7,-2550.2,-1755.5,-3678.2,-7225.5,-5963.8,2397.9,10473,10536,5386.2,3140.2,4205.4,1811.3,-5218.7,-9327.2,-5991.7,-722.65,-433.03,-4071.2,-6266.4,-5189.4,-2227.5,1727.8,5033.7,4447.8,352.34,-1236.8,2778.5,6237.9,2655.9,-3134.6
1597.2,6498.8,7734.8,4181.7,-934.88,-5271.4,-8412.3,-9078.2,-6165,-2106.2,-511.26,-680.72,749.19,3055,2154.3,-1381.3,-1615,3373.4,7782.8,6984.1,3999.9,2880.7,1618.4,-2575.1,-6148.3,-4583.3,-1136.5,-2173.4,-6023.6,-5120.6,1217,4975.1,1938.4,-2199.1,-1339.1,2575.3,4792.1,5178.2,5266.3,3141.7,-2536.3,-7176.8,-5632,-734.94,253.81,-3205.4,-4204.4,500.54,5293.8,4317,-64.031,-1544.9,821.52,2359.6,391.01,-2391.6,-2592.7,-670.83,750.42,878.66,908.68,1206.6,703.84,-684.04,-1085.2,678.55,2886.3,3053.6,1380.8,27.846,-547.29,-1946.5,-4300.5,-5214.9,-3390.1,-700.6,918.87,2064.6,3215.3,2300.9,-1730.3,-5113.5,-3380.8,1768.9,4394.4,3013.4,2320.2,5011.6,7015.8,3861.2,-2261.5,-5832.5,-5686.3,-4907.9,-4594.4,-2592.1,1371,3777.9,2337.2,-253.36,-73.162,2334.3,2831.6,-273.72,-3730.4,-3713.3,-740.64,1566.5,1636.2,1336.5,1957.6,1679.5,-989.52,-3535.1,-2464,1078.8,2543.8,804.72,-375.81,1225.2,2673.8,1088.8,-1359.7,-1178.5,610.86,428.52,-2050.6,-4154.8,-4785.2,-4463.2,-2103.6,3299.9,8271.4,7628.1,2380.7,-552.6,1746.9,3854.5,513.13,-5266,-6908,-3776.6,-1106.9,-2008.1,-4002.8,-3391.5,221.44,4129,5302.6,3033.9,-63.709,-581.84,1292.6,1854.1,-337.3,-1559.4
3541.4,8808.4,9371.8,4311.8,-1795.9,-5937.6,-8723.1,-9822.9,-7593.2,-3870.7,-2786.6,-3593.3,-1352.5,3557.5,4369.1,-410.04,-2502.5,3511.2,10688,10131,4387.5,1693,2111.4,-335.27,-5075.5,-5785.7,-2723.9,-2903.5,-6943.7,-6900.9,-254.54,4522.3,1418,-3365.1,-1568.2,4906.8,9028.8,9295.3,7700.3,2936.7,-5522.3,-11042,-7360.7,91.871,494.77,-5725.5,-7115.5,761.6,8120.9,5942.4,-958.58,-2394.2,2146.8,4624.1,1185,-3627.1,-4590,-1833,1436.7,2982.9,2259.9,-19.67,-1930.2,-1678,496.19,2777.8,3942.7,3914,2697,310.06,-2380.8,-4124.8,-4627.9,-4458.3,-3745,-1930.1,1069.1,3960.3,4500.8,1266.3,-4140.3,-7188.5,-4702.3,827.08,3745.1,2798.8,2903.6,7222.5,11001,7582.8,-1477.6,-7652.5,-6710.8,-3354.9,-3014.1,-4127.5,-2254.1,1841,3351.2,1317.2,66.706,1963.5,3321,212.65,-4838.6,-5865.4,-1827,2208.1,2555.9,1413,1872.5,2236,-701.9,-4903.6,-4772.6,437.25,4874.2,4250.2,1313.4,605.9,1704.4,1368.5,-539.23,-1576.3,-1341.3,-1392.4,-1824.1,-1889.2,-2684.1,-4792.6,-4626.8,1300.3,8919.4,9919.9,3600.9,-1299.5,738.19,4121.3,1431,-5078.9,-7565.3,-4555,-1895.7,-3102.1,-5089.1,-3921.9,72.625,3945,5453.2,4096.2,1376.1,15.58,809.39,1276.5,-122.81,-408.51
415.72,2683.9,2185.3,411.05,-621.19,-1523.9,-2996,-3487.1,-1954,-219.85,-38.528,-233.24,700.15,1547,791.54,-129.32,778.76,2261.9,1914.6,609.28,980.94,2416.2,1695.4,-1486.8,-3724.3,-3204.1,-1995.2,-1898.3,-1589.3,305.15,2305.1,2471.6,1402.3,644.43,57.981,-975.14,-1381.7,12.566,1811.4,1568.5,-468.26,-1539.3,-373.07,1120.3,744.74,-1021.2,-1939.8,-1004.3,513.05,884.94,100.64,-306.42,447.16,1109.7,216.36,-1433.6,-1619.3,50.102,1510.5,1341.7,606.67,592.87,596.86,-398,-1364.3,-684.33,943.28,1253.6,-269.22,-1800.5,-1837.6,-727.75,474.55,1091.5,719.64,-438.1,-1082.1,-127.38,1468.3,1709.8,406.25,-674.5,-607.48,-375.93,-709.08,-793.42,20.377,921.67,1068.8,870.31,800.67,290.14,-1033.2,-2131.5,-1814.3,-383.18,959.34,1555.1,1375.5,615.55,-44.811,162.25,719.52,138.48,-1552.3,-2245.4,-854.35,772.4,675.07,-210.99,-28.971,561.08,-298.06,-1859.9,-1451.2,1134,2922.7,2022.5,25.208,-759.37,-282.47,172.8,148.72,-3.7742,-113.03,-180.08,-212.93,-499.23,-1130.4,-1248.1,-95.174,1274.3,1109.2,-168.61,-351.43,954.91,1546.6,227.21,-1295.1,-1334.5,-643.23,-397.24,-147.25,426.72,95.052,-1410.6,-1789.8,311.93,2374.1,1661.7,-182.69,123.88,1786.6,1296.2,-1268.5,-2008.9
-47.045,2818.6,2521.5,438,-205.92,-515.08,-2927,-5119.5,-3204.3,943.11,2007,-124.47,-572.89,1805.7,2626.2,43.537,-1784.8,277.21,3310.2,3427.6,1413.3,-76.093,-1152.4,-2900.3,-3955.6,-2661.8,-555.81,-197.8,-1028.8,-545.55,1501.6,2945.6,2521.5,1002.2,-381.41,-825.17,-38.162,1041.5,699.39,-1030.9,-1807.6,-403.49,1237.4,1187.9,553.08,887.13,906.74,-1021.1,-3029.9,-2188,477.51,1369.4,-3.8899,-843.58,-246.74,-238.95,-1245.1,-910.36,1361.1,2709.1,1418.1,-328.56,-323.45,274.15,-205.1,-636.73,495.67,1714.2,692.92,-1714.1,-2570,-1117.8,645.72,1157.9,803.91,467.91,387.44,418.19,238.58,-451.79,-1183.7,-948.44,125.52,566.67,-94.425,-385.8,490.07,966.66,-239.26,-1632.9,-1300.2,-130.27,-123.4,-829.08,-311.71,1304.4,2195.8,2062.9,2009.5,1716.4,-59.304,-2319.3,-2484.1,-544.19,649.35,-138.08,-887.15,-100.12,819.5,302.39,-920.26,-1538.3,-1529.9,-1005.5,499.43,2268,2324.3,539.28,-581.14,255.96,1042.1,51.653,-1123.6,-482.49,799.03,432.04,-1211,-2129.2,-1928.3,-1365.7,-172.46,1919,3329.3,2603.2,1009.1,492.16,438.57,-632.28,-1709.7,-1027.3,227.52,-271.81,-1600.9,-1140.7,366.72,-71.611,-1973.1,-1806.6,653.85,1710.7,365.42,34.423,1955,2515.2,-108.24,-2028.2
-202.64,1428.6,874.64,-596.76,-972.74,-784.74,-1316.3,-1567.1,-141.45,1421.2,797.33,-730.59,-59.189,2075.9,1746.7,-1403,-2743.1,314.83,4097.3,4040.2,821.25,-1838.4,-2620.6,-2558.1,-1829.3,-201.81,823.95,-190.32,-1648.7,-981.59,1096.6,1636.4,209.11,-755.31,-204.6,386.31,353.34,911.1,2135.5,2147.1,504.38,-587.2,26.585,351.38,-1257.9,-3010.3,-2413.8,-156.17,1195.9,956.44,401.37,168.3,-100.88,-253.71,66.979,132.78,-836.36,-1796.1,-1049.5,970.46,2071.2,1385.8,227.7,-168.2,71.931,575.77,1285.1,1554.7,467.94,-1389.9,-2108.8,-1096.1,-29.505,-347.03,-1223.1,-1111.6,-109.38,494.38,248.71,-99.339,127.39,856.95,1601,1795.2,1111.8,-31.515,-644.81,-326.78,158.64,-85.065,-952.61,-1685.4,-1824.2,-1305.5,-174.8,1146,1759.2,1171.6,23.408,-613.79,-418.14,140.17,574.19,682.97,407.01,-69.879,-278.93,40.329,571.85,787.7,410.78,-554.43,-1692.4,-2010.1,-798.3,1020.8,1485.7,169.24,-971.39,-283.43,1148,1127.6,-426.55,-1543.4,-1090.9,51.218,672.99,608.1,257.98,-8.3197,206.18,921.27,1279,539.09,-526.09,-526.68,325.28,426.78,-638.27,-1417.5,-964.94,-246.24,-371.69,-860.8,-667.41,176.74,891.08,1050.4,672.8,64.906,0.095268,933.28,1739.9,777.13,-1337.8,-1945.6
1478.3,1596.9,289.04,-513.74,-527.6,-621.37,-728.83,-538.08,-925.82,-2334.4,-2857.3,-592.66,2777.1,3560.4,1126.8,-1274.3,-1141.6,369.08,1026.5,717.08,614.63,837.98,653.78,102.77,-118.97,-8.2313,-288.25,-1192.8,-2037.1,-2014.3,-993.44,353.83,999.89,465.72,-484.08,-483.22,794.73,2073.1,1928.9,470.66,-823.81,-752.1,391.22,1150.5,439.04,-1162.3,-1901.3,-962.66,410.62,587.89,-199.4,-430.4,228.34,570.96,59.611,-330.5,-13.37,142.11,-429.74,-741.01,-3.322,768.56,430.09,-221.96,174.6,1048,791.44,-425.54,-880.1,-134.77,463.48,228.63,-15.29,87.383,-305.92,-1220.5,-1127.1,579.09,2048,1430.4,-412.12,-1277.6,-775.33,-363.97,-730.67,-908.87,-132.28,856.58,889.6,-40.948,-817.22,-521.18,568.45,1329.1,1162.2,747.17,935.54,1192.4,257.62,-1525.1,-2062.1,-513.61,1010.6,213.56,-1989.2,-2674.5,-986.12,978.91,1379.8,789.66,569.54,733.58,498.06,-89.332,-249.6,201.92,546.51,198.53,-434.01,-363.42,642.87,1331.4,227.46,-2092.1,-2968.2,-866.87,2183.5,2807.8,501.33,-1996.2,-2378.6,-1020.3,587.19,1687.5,1953.3,1170.3,116.84,142.2,976.01,651.73,-1361,-2842.4,-2065.1,-434.03,-8.3247,-227.17,466.73,1312.2,564.63,-841.56,-360.91,1672.3,2113,63.718,-1513.3,-436.7
862.05,1158.2,-24.373,-789.22,-327.07,-294.36,-1511.6,-1990.1,-155.76,2092,1883,-407.86,-1835.7,-1112.8,123.78,255.83,-127.57,361.26,1688.1,2571.7,2275.5,1325.8,456.31,-468.16,-1937.5,-3434,-3504.9,-1678.1,481.29,1166.1,592.68,278.53,542.39,350.82,-454.19,-665.23,167.09,949.68,1036.1,1176.6,1626.5,1257.9,-199.35,-996.73,-128.3,612.64,-541.42,-2131.3,-1696.2,115.14,666.5,-254.3,-455.91,456.19,401.76,-1143.8,-1842.6,-415.07,1188.6,1156.9,605.15,1002.3,1298.1,85.469,-1333.5,-816.28,1000.1,1689.6,789.76,-77.076,-263.99,-619.3,-1142.4,-754.57,338.73,483.81,-658.51,-1367.8,-657.39,182.34,-147.87,-886.75,-650.29,428.99,1270,1482.5,1252.1,528.79,-452.87,-655.13,429.05,1491,849.98,-1062.3,-2033.4,-992.66,631.98,954.23,29.485,-624.72,-351.07,-54.979,-434.1,-636.57,335.21,1526,928.2,-1334.5,-2500.3,-895.61,1420,1499.6,-194.91,-710.9,779.98,2049.7,1640.9,739.83,366.23,-466.95,-2186.4,-2812.6,-957.23,1295.7,1105.3,-913.88,-1867.1,-950.65,148.91,595.5,1205.5,1997.8,1789.1,612.22,-18.296,203.19,-149.61,-1402.1,-1863.2,-704.72,556,605.68,168.23,20.012,-558.07,-1723.5,-1698.2,445.26,2518.9,2124,273.71,-430.35,98.781,14.12,-734.66,-442.52
152.47,933.95,649.22,271.68,49.231,-978.6,-2309,-1794.1,748.38,2440.6,1330.2,-831.18,-1423.9,-578.13,-104.32,-359.51,-193.44,840.08,1931.2,2285,1780.9,686,-530.52,-1449.5,-2129.6,-2731.4,-2716.4,-1446,402.24,1382.7,1349.7,1378.7,1502.5,590.95,-1063,-1433.5,6.5382,1183.3,848.62,542.26,1380.2,1591,-246.52,-1987,-1115.8,811.32,551.87,-1421,-1852.1,-244.57,690.09,6.2918,-256.95,601.41,512.57,-1210.3,-2067.9,-533.66,1303.7,1339.4,696.17,1008.2,1213.8,-141.96,-1613.9,-938.29,1112.4,1891.9,836.79,-419.37,-996.16,-1226.2,-910.23,267.09,1087.5,149.72,-1438.4,-1272.8,550.97,1426.2,206.07,-1299.5,-1286.5,-147.38,957.16,1635.9,1610.2,470.19,-1004.8,-1061,456.69,1355.5,77.209,-1955.7,-2274.3,-593.11,1186.4,1521.7,626.27,-349.12,-653.57,-439.14,-227.19,20.845,811.7,1742.9,1266.1,-954.33,-2518.3,-1162.9,1556.6,2065.3,12.15,-1337.9,-315.14,937.91,585.24,-46.868,315.2,136.57,-1708.2,-2844.8,-958.27,1768.8,1577.9,-1019.3,-2244.8,-935.56,585.31,1061.7,1644.5,2518.6,2158,643.96,61.006,635.58,57.87,-2121.7,-3013,-1045.7,1241.8,1201.5,-174.11,-857.55,-1231.6,-2138,-2099.2,213.72,2717.9,2554.4,566.2,-226.67,503.24,539.24,-561.6,-889.43
646.96,1343.9,131.38,-1226.3,-1202.3,-752.28,-984.64,-978.16,140.09,1015.6,238.8,-919.26,-374.42,1320.9,1856.1,786.38,-56.68,535.15,1828.5,2529.9,1841,-424.19,-3156.7,-4090.1,-2496.6,-886.58,-1698.7,-3146.2,-1443.5,3099.6,5784.8,4023.3,627.41,-848.65,-752.93,-1073.2,-1408.9,-300.91,1273,1067.4,-582.92,-1097.8,343.1,1730.1,1356.5,-149.55,-1321.5,-1606.5,-1169.7,-377.21,135.97,-26.993,-355.24,-257.2,-223.94,-865.3,-1279.9,-188.54,1603.7,2015.9,985.8,562.2,1299.3,1231,-475.7,-1558.9,-256.37,1454.8,780.09,-1399.6,-1939.2,-400.87,586.22,-164.19,-735.66,229,1080.8,50.193,-1589.6,-1454.5,150.13,774.82,-241.52,-763.57,697.02,2489.9,2097.9,-226.22,-1758.6,-1004.1,485.31,513.16,-795.7,-1530,-792.43,436.25,1127.6,1448.9,1697.3,1282.7,-215.92,-1781.6,-1913.7,-539.3,982.9,1542.8,1082.7,-23.083,-1321,-2024.8,-1508.2,-338.56,120.6,-461.4,-803.02,165.7,1625.9,1850.2,531.82,-735.73,-449.01,946.15,1660.5,837.88,-415.63,-621.03,30.07,158.56,-495.9,-667.74,119.53,457.43,-547.75,-1302.5,-97.794,1644.3,1068.6,-1563.4,-2898.8,-1439.8,462.38,624.73,178.42,863.85,1713.4,985.41,-437.11,-444.93,685.28,955.01,173.08,-88.912,317.4,-32.802,-1048.9,-888.77
2594.2,1643.9,-703.99,-2453.9,-2223.7,-698.79,559.72,873.8,371,-781.48,-2054,-2296.8,-963.59,854.47,1565.3,919.13,11.288,-139.6,615.53,1729.2,2350.8,2027.4,1391.4,1441.9,1836.6,1049.3,-1178.2,-2934.1,-2754.4,-1785.1,-1859,-2581.2,-2167.6,-427.41,1036.7,1258.5,783.4,315.74,78.441,330.21,1046.2,1372.2,808.82,364.99,900.96,1189.1,-168.11,-1733.6,-1048.8,993.6,1069.5,-1063.6,-1843.6,207.44,1839.3,407.12,-1828.1,-1664.6,-81.971,165.31,-450.65,283.84,1618.5,1036.8,-763.91,-613.19,1527.2,2145.2,37.763,-1648,-679.33,772.22,53.943,-1669.4,-1643.4,151.42,1460.9,1097,-339.21,-1932.6,-2821.1,-2110.1,-35.514,1696.4,1987.2,1639,1509,1029,3.8392,-31.723,1659.4,2854,1312.6,-1436.8,-2135.9,-699.2,38.246,-958.58,-1780,-1351.4,-1056.5,-1679.8,-1727.4,-254.82,1158.2,1039.3,542.52,1292.6,2310.7,1390.9,-1274.2,-2981.7,-1913.1,865.11,2843.7,2513.3,449.25,-1270,-883.47,1219.1,2733.6,1951.8,-386.51,-2148.7,-2128.8,-835.2,396.05,530.01,-383.92,-1174.7,-911.16,-385.79,-1087.9,-2482.4,-2073.3,881.86,3547.9,3039.5,319.65,-1432.1,-1203.6,-544.42,-299.02,351.98,1533.6,1938,1136.4,512.82,937.63,1248.9,154.06,-1705.7,-2672.7,-2047.4,-309.89,1626.6
-1273.5,-157.11,1085.7,672.65,112.4,1038.2,1844.8,568.46,-1524.5,-2232.2,-1892.5,-1648.7,-744.14,1211,1760.9,-716.45,-2873.8,-407.39,4919.6,6883.4,3255.5,-1662.5,-3449.1,-2519.5,-1570.9,-1537.1,-1763.7,-1695.4,-864.56,927.27,2404.6,1689,-774.27,-2125.8,-838.07,1365.1,2265.1,1861.2,1201.8,424.71,-542.56,-816.61,279.77,1746.3,1864.2,173.83,-2125.6,-3254.9,-2256.1,-96.457,937.17,46.223,-708.3,362.14,1235.6,-811.08,-3781.8,-3021.9,1101.2,2895.4,388.3,-1072.9,2255.3,5565.1,3036.8,-2070.1,-2100.5,2625,4178.7,-356.02,-4611.1,-3328.2,67.606,92.898,-2228.5,-2375.1,-96.992,1100.7,175.91,-625.1,-308.14,-223.79,-631.47,152.24,2449,3930.5,2801.1,324.43,-1036.5,-775.98,-505.42,-1481.9,-2894.8,-2844.6,-777.07,1618.1,2377.8,1579.7,727.51,357.93,-179.01,-812.79,-636.11,154.1,404.78,402.03,1474.7,2621.3,917.11,-3203.8,-4834,-1537.4,2140.7,1072.5,-2474.1,-2358.4,1716.3,3881.1,1359.2,-1772.1,-1492.3,545.91,806.07,-623.65,-1254.9,-279.36,1218.5,2299.2,2406.2,1166.7,-560.16,-1074.5,-291.4,146.67,-157.8,17.375,218.25,-1684.5,-4673.8,-4057.5,1359.5,5662.3,3461.3,-2197.2,-4325.1,-1749.4,1006.8,1730.2,2342,3264.9,2125.4,-1017.1,-2568.9,-1151.8,213.46,-523.79
856.19,3125.1,2424.1,108.89,-1387,-2198.1,-3149.2,-3304.3,-1908.7,-398.03,-106.71,-34.413,924.94,1622.9,881.32,79.01,896.19,2220.9,2092.3,1192.8,1360.9,1881.8,622.01,-1865.4,-2853.9,-1883.5,-1272.9,-1907.4,-1891.6,-256.26,1144.1,827.4,56.761,313.63,725.92,23.233,-801.74,-51.868,1651.2,2134.7,899.1,-369.57,-379.9,265.86,341.16,-381.6,-1143.8,-1226,-666.73,-110.57,18.559,11.902,214.93,242.42,-345.81,-896.23,-397.72,717.74,984.74,274.18,62.312,853.86,1200.6,205.77,-816.64,-503,376.47,447.09,-24.786,-145.18,-291.49,-1039.9,-1412.6,-406.06,742.56,278.52,-850.67,-259.27,1730.9,2186,89.58,-2090.2,-2155.9,-899.27,55.212,732.42,1619.4,1988.6,1165.1,43.419,-279.6,-245.9,-769.61,-1475.9,-1411.1,-614.31,289.77,1188.9,1967.8,1851.9,578.74,-656.92,-770.69,-463.98,-937.15,-1757.6,-1581.8,-385.77,599.62,735.06,312.39,-459.9,-1308.1,-1215.1,461.09,2473.3,2901.9,1697.5,474.37,12.042,-336.36,-847.15,-863.31,-254.71,158.4,-49.005,-482.81,-930.66,-1411.2,-1322.9,-141.5,1146.6,1110.2,271.29,364.47,1226.8,904.89,-818.33,-1743.5,-885.5,11.149,-249.33,-374.49,505,882.48,-87.943,-456.55,993.68,1827.6,-130.45,-2383.1,-1295.2,1719.2,2148.4,-328.81,-1392.4
3260.6,4234.8,689.26,-1838.1,-278.15,926.99,-2328,-6389.4,-5464.2,-784.22,1771.2,864.94,333.97,1613.8,1844.9,162.35,21.539,3158.9,5957.8,4645.8,537.72,-2794,-4571.3,-5885.6,-6203.8,-4372.9,-1586.4,113.56,1305.9,3765.3,6224.6,5356.4,1278.6,-1646.6,-777.13,1300.5,1140.9,-555.12,-1024.2,-323.78,-627.73,-1743.4,-1243.8,743.44,802.88,-2183.9,-4204.2,-1689.8,2629.6,3268.4,118.88,-1413.2,1212.4,3682.5,1474.3,-3110.1,-4218.7,-780.08,2543,2271.6,67.407,-1006.5,-760.09,-566.99,-228.48,1341.5,3360.3,3367.1,253.22,-4071.2,-6207.6,-4185.2,635.34,4323,3930.6,721.59,-1190.1,137.44,2259.4,2004.5,-354.43,-2198.4,-2410.5,-1917.7,-1176.5,381.04,2308.3,2780,985.6,-1601.2,-3025.8,-2846.1,-1873.2,-907.78,-175.44,665.05,2068.1,3577.4,3703.2,1872.1,-104.28,-109.99,1136,1004.2,-1082.2,-2863.5,-2695.7,-1384.2,23.183,1617.8,2675.1,1136.2,-2925.3,-5687.3,-4000.6,261.63,2854.1,2702.4,1977.1,1796.8,1137,-280.28,-1109.8,-749.83,-148.14,57.031,59.421,-432.15,-1689.6,-2216.5,-229.97,2908.1,3732.9,1746,269.2,1153.9,1979.2,366.17,-2036.7,-2459.4,-1396,-1167,-1933.9,-2092.2,-1352.5,-708.09,-341.6,45.697,-21.889,-436.79,521.83,3162.2,4230.4,1369.7,-2006.3,-898.25
1076.3,1403.2,-349.01,-827.7,363.2,209.77,-2011,-3113.5,-1328.8,723.63,459.33,-616.3,2.1444,1318.8,770.33,-944.67,-548.41,2698.4,5653.2,5387.9,2244.7,-1571.1,-4284.9,-4907.7,-3375.7,-1234.8,-562.08,-1349.5,-1442.5,176.87,1768.4,1590.9,511.6,231.25,434.97,-127.04,-770.99,297.48,2562,3302.4,1663.9,116.27,602.28,1398.4,-173.87,-3328.2,-4576.6,-2542.4,313.01,1204.8,348.36,-226.89,198.22,508.86,-211.42,-1407.3,-1850,-946.34,830.68,2301.7,2369.8,955.71,-740.42,-1265.3,-292.9,1203.8,2055.6,1856.7,954.17,-43.231,-662.1,-823.49,-835.09,-945.15,-983.08,-712.59,-370.23,-382.24,-646.98,-664.07,-353.92,-107.56,16.009,380.41,895.75,908.7,316.49,-99.985,19.564,-78.419,-891.64,-1524.7,-957.89,353.85,1366.3,2141.4,3094.4,3226.7,1237.2,-1692.4,-2589.2,-785.35,894.79,143.18,-1719.1,-2222,-1431,-965.84,-803.42,197.91,1306.2,466.21,-1946.8,-2774.2,-485.15,2410.6,2858.9,1337.2,587.82,1496,2296.6,1486.1,-300.43,-1533.6,-1624.9,-1060.9,-488.21,-164.05,-56.092,-166.61,-572.49,-993.13,-643.92,795.15,2189.4,1937.5,123.63,-1463.4,-1790,-1661.7,-1731.7,-1159.6,468.17,1593.4,980.52,114.18,886.8,2056.4,1071.1,-1193.2,-1202.9,1374.4,2531.3,146.72,-2411.9,-1520
1200.4,1935.5,790.52,434.88,781.55,-641.21,-3127.3,-3227.3,-933.42,-20.174,-1471.9,-1883.1,250.65,1863.5,984.39,145.8,1408.8,2481.3,1131.4,-474.87,341.48,1875.8,1179.4,-614.08,-555.13,567.82,-350.19,-2919.5,-3564.9,-1366.7,736.16,897.87,558.35,907.77,813.07,-375.09,-1019.3,74.749,1450.5,1244,-100.81,-915.96,-778.47,-489.66,-517.64,-602.42,-362.44,341.93,1176.8,1354.7,597.54,-111.15,223.87,938.58,665.67,-386.79,-836.56,-566.86,-705.4,-1189.8,-695.33,675.41,1122.9,249.24,-117.75,779.35,1123,-228.57,-1529.7,-1098.2,-154.91,-449.27,-1138,-645.63,172.04,-274.88,-847.27,702.92,3346.6,3535.8,512.73,-2332,-2192.9,-265.2,719.22,227.69,-221.94,431.04,1713,2382,1584.7,-320.02,-1987.9,-2580.2,-2564.7,-2356.3,-1239.2,938.94,2217.8,931.73,-1176.8,-1030.9,982.76,1487.3,-394.71,-1526.2,165.02,2428.1,2389.3,678.69,-432.2,-696.21,-1123.1,-1325,-316.85,1157.8,1525.2,836.99,299.53,114.33,-343.96,-956.62,-1212.3,-1335.7,-1502,-969.22,379.27,962.99,-110.9,-1045.6,-20.88,1594.8,1398,-2.2814,-197.85,796.18,974.22,299.21,523.99,1347.8,641.5,-1358.8,-2047.3,-1072.4,-845.94,-1703.5,-1043.9,1356.9,1946.8,-463.55,-1882.6,396.9,2932.4,1743.5,-1068.8,-1071.5
-79.845,1481.2,1137.7,-499.51,-1338.4,-919.04,-335.36,-49.846,271.46,321.41,-544.67,-1684.2,-1559.7,-24.218,1202.8,894,86.67,703.21,2890.1,4489.1,3312.4,-279.17,-3451.2,-3908.7,-2528.8,-2060.6,-3197.7,-3452.5,-816.93,2951.5,4431,2994.9,1030.3,104.84,-558.83,-1398.3,-988.35,1297.8,3182.6,2233,-438.5,-1507.4,-37.094,1451.8,691.47,-1492.6,-2769.6,-2287.1,-1063,-258.01,-44.179,77.564,420.09,571.84,-215.49,-1759.9,-2438.9,-905.08,1818.3,3226.4,2492.3,1246.2,733.5,84.544,-1317.1,-1689.7,553.87,3276.1,2743.2,-820.07,-2968.1,-1207.3,1554.6,1524.2,-615.94,-1568,-818.17,-772.65,-2152,-2782.9,-1494,-89.816,-143,-393.44,847.04,2663.5,2995.5,1786.4,615.98,121.37,-250.69,-624.76,-732.18,-942.06,-1361.4,-655.15,1926.3,3995.5,2470.4,-1444,-3055.3,-767.52,1598.9,750.91,-1245.2,-909.82,764.35,302.51,-2094.8,-2855.3,-1129.1,-154.72,-1651.6,-2809.6,-796.17,2787.2,4377,3262.4,1499.9,499.28,79.973,8.03,270.51,273.5,-452.1,-1110.9,-713.96,200,368.56,-232.09,-727.55,-991.27,-1265.6,-839.07,849.03,2278.5,1390.3,-1068.7,-2239.3,-1357.7,-554.78,-881.9,-570.36,1346.4,2609.3,1228.6,-935.25,-899.48,805.14,1318.5,209.38,-296.56,469.91,593.72,-692.02,-1377.6
5024.6,3135.1,-1473,-3951.6,-3056.8,-2252.1,-2939.3,-2063.4,1612,4026.1,1809.6,-2240.9,-3267.5,-1024.9,1029.2,1161.5,599.09,754.77,1875.3,3416.1,4007.7,2519.4,372.34,430.76,2236.4,1641.9,-2650.2,-6012,-4708.4,-1977.6,-2625.7,-4787.8,-3046.3,2126.5,4637.5,2235.5,-613.56,-268.31,1395.7,1623.5,1100.6,1278.9,1469.8,941.31,528.47,318.15,-861.28,-2179.5,-1018.6,1873.3,2041.8,-1437.2,-3332.5,-361.5,2984.1,1453.1,-2471.9,-2954.8,-306.07,594.84,-764.42,-414.07,1960,2087,-845.27,-2119.2,475.42,2756.2,1340.4,-795.4,38.722,1585.2,-414.96,-4528.9,-5098.4,-391.34,4985.5,5907,2006.1,-3040.1,-5330.9,-3677.6,-184.28,2033.8,2213.4,2121.7,2605.2,2154.4,123.18,-1229.3,-244.08,897.76,-437.56,-2497.6,-1525,1898.8,3073.9,57.785,-3565.5,-4006.6,-2038.7,-605.41,-367.76,-50.233,565.35,644.82,531.08,1488,3065.7,2779.1,-501.09,-3988.9,-3486.6,1339.3,5645,4725,-92.916,-2928.5,-887.12,2372.5,1952.3,-1730.3,-4166.8,-3029,-276.78,1379.5,1209.2,-297.36,-2207.9,-2858.4,-1220.8,1060.4,1308.4,-226.41,-580.08,1331.8,3121.8,2722,965.49,-675.94,-2068.3,-2802.9,-1575,1070.6,2245.6,998.54,190.83,1723.6,2943,903.79,-2555.1,-3680.2,-2416.8,-1123.7,234.91,2941.9
-1554.2,551.59,403.15,-1199.4,-1060.5,922,1581,-44.747,-1156.4,-217.06,523.91,-487.14,-999.93,727.53,2013.3,90.141,-2334.5,-606.02,4243.5,6360.5,3327.2,-1125.8,-3220.7,-3488.9,-3663.1,-3273.5,-1609.9,17.751,417.66,595.43,1499.6,1843.7,474.64,-1016.5,-581.08,898.09,1098.8,3.927,-472.19,171.51,703.31,828.19,1532.1,2565.2,2018,-749.32,-3519.9,-3673.7,-1294.7,1037.3,1193.4,-278.3,-994.59,133.5,1176.8,-264.58,-3093,-3485.1,-284.06,2977.6,3085.3,1491.2,1058.7,1101.3,-435.7,-1853.3,121.51,3677.3,3159.6,-2034.5,-5400.2,-2620.8,2089,2566,-536.16,-2158.3,-1025.6,-212.53,-1021.5,-1396.7,-258.09,952.66,1443.2,2078.2,2702.4,1869.7,-94.012,-978.83,-395.11,-389.06,-1486.7,-1544,93.536,814.38,-778.13,-1923.7,-142.31,2172.1,1216.2,-2016.5,-2991.8,-363.25,2441.1,2592.2,1310.3,855.26,959.79,96.597,-1508.9,-2115.8,-1017.9,575.95,1077.7,176.51,-982.58,-1007,194.35,1170.5,686.29,-562.7,-869.45,-9.6099,414.02,-554.19,-1655,-1172.4,596.32,1752.4,1341,396.75,296.9,940.01,1153.3,503.21,-129.58,-11.279,135.22,-888.37,-2680.1,-3243.1,-1502.4,1037.9,1915.7,538.7,-1304.2,-1488.5,401.36,2785.7,3496.2,1896.6,-208.83,-563.23,503.54,439.98,-1553,-2903.8
